70548,36727,-33821
36071,36462,391
36183,35186,-997
35107,35852,745
36286,35682,-604
36459,35477,-982
36601,35597,-1004
36237,35506,-731
35856,34943,-913
36601,38473,1872
35741,36141,400
36581,36065,-516
35509,36350,841
35317,34832,-485
36896,35284,-1612
35326,36409,1083
35352,35297,-55
35694,36418,724
34949,35936,987
35979,34911,-1068
36641,36259,-382
34633,35772,1139
36877,35496,-1381
35825,36168,343
36176,36026,-150
34772,35859,1087
35467,38001,2534
35223,35691,468
37015,36260,-755
35726,34853,-873
34853,35290,437
35471,36148,677
36095,36705,610
35947,35081,-866
35103,32131,-2972
21908,22104,196
23092,22458,-634
22468,23452,984
23858,23505,-353
23129,22303,-826
23472,22771,-701
22541,23262,721
22856,22602,-254
23072,23468,396
23092,22778,-314
23123,23159,36
21707,22554,847
22819,23298,479
22889,22274,-615
23088,22170,-918
23288,23204,-84
23093,23595,502
23097,22931,-166
23766,22790,-976
22679,23055,376
22279,23502,1223
22844,23478,634
22828,22666,-162
22652,22329,-323
22772,23104,332
22778,22533,-245
23138,22909,-229
22829,22449,-380
23329,22471,-858
23151,22214,-937
23176,22851,-325
22588,23398,810
23092,22200,-892
22720,22106,-614
23009,23525,516
22691,22581,-110
22397,22332,-65
22998,22387,-611
22387,22775,388
24110,23049,-1061
23499,23008,-491
23680,23170,-510
22962,22492,-470
23143,23191,48
23402,22441,-961
22831,22719,-112
23102,22525,-577
22912,22855,-57
23455,22875,-580
23157,23430,273
22648,23639,991
22763,23734,971
22970,21988,-982
21781,22904,1123
23390,22983,-407
22821,23765,944
22709,22147,-562
22964,22431,-533
22821,22637,-184
23556,22578,-978
22933,23425,492
23599,23401,-198
22658,22769,111
23423,22625,-798
22518,23117,599
23277,23662,385
22752,22322,-430
23237,22733,-504
22763,23400,637
23288,23018,-270
22826,22049,-777
22475,23007,532
23263,23836,573
23111,22677,-434
23687,23206,-481
23450,23063,-387
22485,22501,16
22628,23161,533
23342,22895,-447
22272,23106,834
22818,23524,706
22959,22760,-199
22779,22930,151
22441,23046,605
23133,23373,240
22835,21460,-1375
23457,23095,-362
26011,23422,-2589
22570,22711,141
23160,22266,-894
21791,23085,1294
23489,23279,-210
22796,23537,741
23420,23360,-60
22843,23505,662
23642,23016,-626
22836,22664,-172
22329,22729,400
22719,22881,162
22764,23302,538
23119,24270,1151
23179,22726,-453
23150,23153,3
22769,22667,-102
22392,22817,425
22437,23375,938
22072,22342,270
22346,22807,461
22727,23590,863
23178,22485,-693
22719,22443,-276
23101,22717,-384
23209,22862,-347
22521,22367,-154
23397,22492,-905
22773,22816,43
23344,23061,-283
23107,24063,956
22770,23049,279
22957,22559,-398
23282,23197,-85
23191,22947,-244
23519,22838,-681
22436,23550,1114
22641,22713,72
23194,22657,-537
22855,22507,-348
22005,23506,1501
22742,22999,257
22391,22761,370
24138,22844,-1294
23120,23183,63
23832,23370,-462
23308,22629,-679
22769,21946,-823
23384,22564,-820
23210,21565,-1645
23124,22820,-304
23107,22724,-383
22069,22021,-48
22713,22190,-523
23371,22844,-527
22810,23182,372
23541,23677,136
23067,22448,-619
22988,22436,-552
22791,23101,310
22771,22822,51
23606,22379,-1227
22443,23125,682
23234,23096,-138
22808,23072,264
23404,21824,-1580
23442,22339,-1103
22865,21667,-1198
22644,22866,222
22784,23344,560
22775,22863,88
23114,22438,-676
22760,21834,-926
23578,22505,-1073
23153,23084,-69
22891,23121,230
22714,22756,42
22723,23582,859
22884,22813,-71
22756,23066,310
22385,22658,273
23269,22841,-428
22719,23194,475
23679,22761,-918
23096,23838,742
23028,22602,-426
22837,22753,-84
22857,22036,-821
22722,22095,-627
22822,23670,848
22722,23232,510
23135,23206,71
23013,23154,141
22816,22838,22
23223,23356,133
23302,22421,-881
23456,22772,-684
22980,22232,-748
23018,23169,151
22491,22484,-7
22520,22919,399
23204,22049,-1155
23937,23045,-892
22479,22477,-2
22433,22047,-386
22351,22689,338
23201,23085,-116
22633,22761,128
23112,23494,382
24203,22309,-1894
22281,22846,565
23092,23109,17
22718,23221,503
22218,23403,1185
23181,23021,-160
22724,23662,938
22719,21801,-918
23357,23140,-217
22525,23252,727
22337,22786,449
23751,22536,-1215
23541,23025,-516
22622,22718,96
23656,22375,-1281
22832,23069,237
23123,22692,-431
22983,22001,-982
22763,21920,-843
22368,23235,867
22966,22564,-402
23257,22674,-583
22305,23064,759
23019,23648,629
23440,22059,-1381
23422,23403,-19
23550,22209,-1341
23152,23157,5
23164,23489,325
23107,23019,-88
22575,23242,667
23460,22153,-1307
22652,22886,234
22378,22259,-119
22693,22805,112
23104,23047,-57
22629,22779,150
22686,23184,498
22228,23211,983
22815,22983,168
22964,23007,43
22437,22903,466
23061,23119,58
23542,22418,-1124
23637,23193,-444
23132,23825,693
22707,22631,-76
23019,22756,-263
22826,23549,723
22541,23076,535
22816,23212,396
22819,21985,-834
21990,23078,1088
21496,22295,799
22535,21830,-705
21865,21351,-514
22131,21311,-820
23141,21965,-1176
21485,22733,1248
22668,21508,-1160
21714,22276,562
21417,21837,420
21454,21688,234
21305,22259,954
21976,21910,-66
22097,22209,112
22171,22327,156
22188,22204,16
22673,21792,-881
21576,23069,1493
21720,22514,794
21466,22372,906
21893,22397,504
22960,22424,-536
21818,22914,1096
21688,21336,-352
21931,21931,0
22052,22260,208
22380,21891,-489
22754,23823,1069
22638,22482,-156
22624,21694,-930
22423,21697,-726
21702,22624,922
21571,22419,848
22082,22664,582
22326,22109,-217
21827,22120,293
22480,22406,-74
21409,22354,945
21976,21466,-510
22167,21895,-272
22292,22141,-151
21723,21649,-74
22421,22311,-110
21348,21987,639
21542,21818,276
21356,23168,1812
22057,21303,-754
21875,21348,-527
22364,22373,9
21881,22638,757
22137,22237,100
21767,21654,-113
22521,21767,-754
21811,23442,1631
22080,23169,1089
21354,23239,1885
22136,22237,101
21605,22669,1064
21272,22577,1305
22409,21802,-607
21785,23040,1255
22011,22624,613
22320,21867,-453
22327,21450,-877
21348,23986,2638
23110,21849,-1261
22508,22779,271
21698,22311,613
21931,22646,715
22916,22487,-429
22139,22334,195
21540,22261,721
22796,21332,-1464
22088,22968,880
21801,22134,333
22814,21476,-1338
22035,22558,523
22339,22436,97
21963,23199,1236
21364,22230,866
22019,22020,1
21259,22767,1508
21750,21420,-330
22931,21957,-974
22110,22294,184
21773,23138,1365
21902,22033,131
22332,22276,-56
22284,21947,-337
21775,22055,280
22096,22081,-15
21804,22011,207
22097,22648,551
22618,21453,-1165
22240,21523,-717
22857,21508,-1349
22117,22268,151
22134,22481,347
21657,21418,-239
21339,21599,260
21901,22285,384
22771,22872,101
22655,22092,-563
21624,23034,1410
22148,22631,483
22214,21958,-256
23118,22778,-340
21380,22376,996
21473,23244,1771
21840,21613,-227
21665,21942,277
22007,22073,66
21657,21902,245
22262,21515,-747
22049,21964,-85
22718,22344,-374
22294,22357,63
21663,21747,84
21673,22411,738
21638,22193,555
22950,21907,-1043
22373,21945,-428
21426,23470,2044
22317,21806,-511
22934,22337,-597
21976,22434,458
21925,21996,71
22421,22949,528
22201,23348,1147
21301,21958,657
23468,21386,-2082
21699,21458,-241
21462,22308,846
22319,22894,575
21833,21814,-19
21420,21385,-35
23081,22486,-595
21938,21983,45
22528,21551,-977
22527,21725,-802
22981,22589,-392
22381,22097,-284
21979,21898,-81
22201,21534,-667
22172,22781,609
21696,21555,-141
21523,21610,87
21906,22321,415
22392,21972,-420
22406,22418,12
21280,22554,1274
21824,22253,429
21290,22797,1507
21632,21771,139
22226,21890,-336
21914,22116,202
21703,22546,843
21666,22190,524
21802,21513,-289
22143,22120,-23
22327,22134,-193
21873,21502,-371
21925,21795,-130
23019,22622,-397
22264,21558,-706
21767,22402,635
21540,22417,877
22153,21639,-514
22012,22154,142
22540,21516,-1024
22194,22148,-46
22442,22098,-344
22058,21411,-647
22717,22111,-606
22089,21639,-450
22394,21374,-1020
21834,21808,-26
22920,21433,-1487
23161,22075,-1086
22235,22986,751
21775,23173,1398
22009,22241,232
22769,22000,-769
22302,21800,-502
21842,22964,1122
22353,22316,-37
22452,21689,-763
21747,21831,84
22258,22124,-134
21744,22625,881
23136,21716,-1420
21815,21634,-181
22496,22033,-463
22509,22741,232
21739,22658,919
22274,22076,-198
22011,22344,333
22777,21603,-1174
21845,22532,687
22098,21557,-541
22388,21654,-734
22641,21889,-752
21921,21578,-343
22069,21734,-335
21783,22154,371
21704,21872,168
21504,21940,436
22630,21785,-845
22451,22220,-231
21678,22256,578
22410,21471,-939
22836,21895,-941
21579,22290,711
22059,22492,433
22945,22868,-77
22012,22162,150
22215,22646,431
23110,21426,-1684
22418,21792,-626
22785,22614,-171
21766,21534,-232
21696,22183,487
22014,22366,352
21556,22425,869
21663,21538,-125
22679,21877,-802
22275,21862,-413
22382,22122,-260
22396,22085,-311
21915,21419,-496
22571,21970,-601
22446,22321,-125
21270,22115,845
22388,21906,-482
22641,21774,-867
22997,21909,-1088
21778,21890,112
21780,22435,655
21923,22353,430
21627,21970,343
21635,22447,812
22253,21944,-309
22054,22020,-34
21875,22267,392
22451,23457,1006
21750,21767,17
21830,21730,-100
22568,21856,-712
22233,22178,-55
22066,22826,760
22653,22298,-355
22025,22081,56
22355,22327,-28
22218,21818,-400
22274,22634,360
21431,22575,1144
21895,22471,576
22477,21954,-523
21310,23179,1869
21628,21719,91
21809,21345,-464
22556,22167,-389
22434,23017,583
21621,22429,808
21450,21446,-4
22405,22570,165
21759,22354,595
21490,22148,658
21519,22648,1129
22297,21298,-999
21745,22324,579
21802,23196,1394
22401,22324,-77
23587,22078,-1509
22145,22305,160
22130,21952,-178
22885,21843,-1042
22956,22156,-800
22561,22280,-281
22469,21342,-1127
21340,21380,40
21972,22018,46
21689,22450,761
21663,21642,-21
21850,22649,799
21840,23047,1207
21551,22118,567
22961,22141,-820
21950,21572,-378
21298,22330,1032
21337,21733,396
21771,21682,-89
21952,21930,-22
22001,23910,1909
21730,22148,418
22402,21938,-464
24745,21547,-3198
22414,21938,-476
21783,22885,1102
22411,21338,-1073
22336,22159,-177
22193,22476,283
22368,21758,-610
22445,22933,488
21815,22194,379
21391,21702,311
22447,22592,145
22113,21941,-172
21714,22367,653
21960,21704,-256
21993,21918,-75
21992,21992,0
22194,21890,-304
21449,23018,1569
22200,22782,582
22113,21479,-634
21412,22241,829
22281,22215,-66
21371,22286,915
21981,22150,169
21646,21609,-37
22673,21507,-1166
22658,23470,812
22056,22054,-2
22811,21933,-878
22348,23179,831
23031,22809,-222
21691,22018,327
22291,22041,-250
22706,21943,-763
21982,21646,-336
22395,21922,-473
22656,22413,-243
21477,22472,995
22307,21444,-863
21455,21333,-122
22426,22708,282
22112,21959,-153
22482,21801,-681
21734,21870,136
21903,22304,401
21773,21651,-122
22311,22148,-163
21813,21936,123
21381,22685,1304
22094,22247,153
21349,22168,819
22477,21797,-680
22008,21674,-334
21840,21651,-189
22347,22439,92
21312,21678,366
22719,23104,385
22208,21591,-617
21906,22042,136
21702,21721,19
21664,23506,1842
21615,22151,536
22312,21950,-362
22535,21998,-537
21948,21924,-24
22259,21798,-461
22600,21709,-891
22107,21480,-627
22310,21605,-705
21707,21549,-158
21913,21881,-32
21724,22141,417
22969,22282,-687
22362,21450,-912
22494,23079,585
22430,22248,-182
22171,21655,-516
21784,21358,-426
21266,21452,186
21333,22340,1007
22083,21969,-114
22611,21449,-1162
22618,21376,-1242
22223,21623,-600
22556,21927,-629
22841,22020,-821
22377,21375,-1002
22279,21338,-941
21840,22040,200
22286,21391,-895
22480,21722,-758
21977,22086,109
22036,22568,532
21864,22046,182
22091,23014,923
22455,21359,-1096
23019,21688,-1331
22061,22575,514
21713,21525,-188
21881,22552,671
21854,22858,1004
21998,21419,-579
22350,22085,-265
22404,21502,-902
22449,22302,-147
22084,22900,816
21649,21317,-332
21650,22006,356
22373,22039,-334
22337,21896,-441
21754,21840,86
23045,21776,-1269
21691,22010,319
22162,21844,-318
23779,22471,-1308
22339,22809,470
21704,22403,699
21727,21474,-253
22493,21259,-1234
21774,22874,1100
23030,21748,-1282
21824,22094,270
22711,22650,-61
21752,21695,-57
22106,21775,-331
22410,21593,-817
21704,22498,794
22115,22370,255
22512,22772,260
21438,22436,998
21338,21944,606
21482,22640,1158
21951,21833,-118
22274,22463,189
22122,22305,183
21361,22498,1137
21380,21808,428
21900,21911,11
22722,22187,-535
21722,22074,352
22087,22443,356
22662,21834,-828
22154,22245,91
21330,22382,1052
22363,21906,-457
22005,21598,-407
21684,21657,-27
22446,22160,-286
21813,22157,344
21590,22616,1026
21763,21610,-153
21961,22704,743
21263,21869,606
21429,22563,1134
22592,21561,-1031
22497,21463,-1034
22407,22535,128
22626,22433,-193
22017,22165,148
21389,22917,1528
22093,22384,291
22099,22572,473
22181,23189,1008
22113,21978,-135
21329,22044,715
22304,23235,931
21761,21429,-332
22853,22533,-320
21920,22096,176
22007,22632,625
22113,22348,235
22468,22164,-304
22687,21918,-769
21809,21769,-40
22785,22132,-653
22379,22458,79
21548,22776,1228
21665,22130,465
21562,21674,112
22099,22461,362
22107,22412,305
21724,22301,577
21535,21636,101
21659,21991,332
22296,22150,-146
22498,22242,-256
21871,22036,165
21536,22593,1057
22134,21930,-204
21765,21875,110
22159,22656,497
21632,22623,991
21394,23130,1736
21359,21892,533
21793,22345,552
22052,22144,92
21758,22685,927
22126,22280,154
21641,22380,739
21686,22340,654
21534,21852,318
21478,22459,981
22084,22071,-13
22633,22097,-536
21328,22356,1028
22686,21778,-908
21902,22656,754
22611,22681,70
21522,21722,200
21616,22143,527
22439,22675,236
22641,22374,-267
21432,21847,415
22082,21392,-690
21999,21677,-322
23188,21531,-1657
22221,23058,837
21590,21670,80
21852,21907,55
22250,22957,707
21727,22981,1254
21716,21336,-380
22354,22354,0
22363,21408,-955
22638,22010,-628
21579,22385,806
22731,22045,-686
22224,21743,-481
22224,22493,269
21303,22588,1285
22654,22468,-186
22644,23881,1237
23480,22000,-1480
21328,22588,1260
21670,22608,938
21730,22568,838
22249,22792,543
21499,22259,760
22318,21701,-617
21678,22163,485
22435,21341,-1094
22442,21957,-485
22792,23040,248
21337,22033,696
22705,21615,-1090
21850,22320,470
22218,23184,966
22275,22110,-165
22305,21800,-505
22937,22001,-936
22060,22713,653
21906,23712,1806
21900,22004,104
22948,22166,-782
22327,22119,-208
22260,22520,260
21328,22467,1139
21987,21837,-150
22173,22873,700
22014,21531,-483
21616,23771,2155
22644,21893,-751
22582,22304,-278
21381,21822,441
22216,21723,-493
22333,21330,-1003
22364,21761,-603
22194,22115,-79
21808,22894,1086
21984,22468,484
22003,22433,430
21972,22338,366
22873,22560,-313
22257,22764,507
22046,22766,720
22087,22871,784
21407,21940,533
22130,22599,469
22431,21997,-434
21735,22061,326
21781,22867,1086
21623,22699,1076
23271,22011,-1260
22456,22799,343
22077,21751,-326
21302,22394,1092
22199,22498,299
21384,21987,603
22026,22302,276
21724,22575,851
21786,21774,-12
21624,21586,-38
22342,22413,71
22479,23030,551
21433,22466,1033
21488,22309,821
22406,21291,-1115
21754,21967,213
21693,22076,383
21696,22156,460
23050,22612,-438
22358,22331,-27
21766,22106,340
22283,22090,-193
22078,21747,-331
22193,21330,-863
22571,21719,-852
22085,21710,-375
22081,22513,432
22012,21469,-543
22909,21815,-1094
22039,21331,-708
21901,22189,288
22137,22214,77
22163,21719,-444
23128,21600,-1528
21539,21970,431
21818,21984,166
22529,22867,338
22128,22326,198
22349,22230,-119
22703,22465,-238
22336,22009,-327
21305,21772,467
21992,22760,768
21580,22148,568
22366,22024,-342
22134,22929,795
22062,22020,-42
22153,22278,125
22193,21885,-308
22781,22267,-514
22131,22167,36
21655,22589,934
23443,22341,-1102
22730,22036,-694
22090,22986,896
21972,21822,-150
21656,22647,991
21973,21835,-138
22937,22373,-564
21956,22791,835
22121,22234,113
21547,22804,1257
22077,21868,-209
22402,22144,-258
25015,22631,-2384
23565,22220,-1345
21408,21956,548
22440,21915,-525
22020,23898,1878
21536,22331,795
22286,21388,-898
21880,22919,1039
21300,22787,1487
21751,22237,486
21746,22169,423
21422,22242,820
22083,22851,768
21325,22383,1058
21729,22894,1165
22632,21449,-1183
21471,22552,1081
22031,22335,304
22186,22710,524
22217,22055,-162
22109,21447,-662
21288,22791,1503
22420,21693,-727
22472,22237,-235
22103,23248,1145
22300,21931,-369
21780,21661,-119
21496,22581,1085
22329,22079,-250
22222,22154,-68
22892,22580,-312
22584,22282,-302
21778,21347,-431
22148,22073,-75
22584,22005,-579
22135,23319,1184
22031,22042,11
22569,21977,-592
21693,21988,295
21975,21760,-215
21725,21863,138
22361,21667,-694
21805,22366,561
21789,21935,146
21328,21847,519
22160,21891,-269
21319,21306,-13
23173,23294,121
22548,22973,425
22421,22100,-321
22123,22234,111
21439,22021,582
22450,22020,-430
22276,22059,-217
21750,21664,-86
22310,22388,78
22249,21828,-421
22421,21594,-827
22193,22322,129
23076,21922,-1154
21635,22332,697
21952,21696,-256
22027,21539,-488
22745,22465,-280
22616,22417,-199
21917,21366,-551
21905,21495,-410
22297,22379,82
21956,21530,-426
22334,22164,-170
21792,22547,755
21370,22280,910
22602,21390,-1212
22755,21621,-1134
22063,22109,46
21711,21427,-284
23071,22105,-966
21915,21475,-440
22776,22018,-758
22503,21975,-528
21749,21679,-70
22767,22200,-567
22168,22494,326
21716,22362,646
22335,23311,976
21259,21924,665
22611,22043,-568
21765,21752,-13
21921,22316,395
22129,22370,241
23354,22037,-1317
22247,22425,178
21381,22780,1399
21740,22035,295
22044,21881,-163
21427,21655,228
21461,22374,913
22141,22539,398
21445,23265,1820
21685,21882,197
21849,22395,546
22138,22383,245
21882,22812,930
21288,22197,909
22250,21924,-326
22319,21958,-361
22071,22081,10
22043,22212,169
21691,22238,547
22310,21915,-395
23082,22575,-507
22072,22153,81
21927,22648,721
21302,22735,1433
23459,21767,-1692
21316,22871,1555
21665,24389,2724
22930,22305,-625
21762,21544,-218
23072,22745,-327
21829,23071,1242
22132,21608,-524
21488,21657,169
21312,21782,470
21843,21578,-265
22081,22283,202
21987,22523,536
21608,22120,512
22408,21469,-939
22004,21444,-560
21697,22165,468
22369,22279,-90
21664,21842,178
22090,21290,-800
22008,21490,-518
22547,22824,277
21713,22566,853
22023,21362,-661
21874,22092,218
22234,21454,-780
21740,22929,1189
22711,22503,-208
22387,21567,-820
23109,21699,-1410
22854,22292,-562
21349,22201,852
21939,22360,421
21823,22434,611
22157,22464,307
21451,22017,566
21431,22482,1051
21399,22269,870
22280,21755,-525
21748,21786,38
22433,22542,109
22045,21842,-203
22420,22084,-336
22808,21501,-1307
22429,21376,-1053
22242,22202,-40
21813,21915,102
21968,21638,-330
21656,21857,201
21772,22308,536
21692,22265,573
22804,21520,-1284
22095,21840,-255
21664,21705,41
22023,22686,663
21292,22554,1262
22097,22412,315
22371,22518,147
22756,22066,-690
22229,22303,74
22341,22405,64
22680,22078,-602
21371,22202,831
21350,22281,931
22117,22298,181
22384,22127,-257
22276,22647,371
21584,22751,1167
22022,21739,-283
22362,22349,-13
21265,22072,807
21335,22161,826
21994,22856,862
22372,21401,-971
22332,22469,137
21953,22835,882
22570,22783,213
22936,22410,-526
22179,22629,450
22124,22533,409
22102,21869,-233
21667,21935,268
22363,21533,-830
21837,22134,297
23133,22055,-1078
21672,22602,930
21725,21895,170
21723,21520,-203
22452,22355,-97
21702,22421,719
22412,22209,-203
22214,21585,-629
22956,21790,-1166
21310,22162,852
22235,21835,-400
22413,22227,-186
22140,21710,-430
23883,21938,-1945
22121,21511,-610
21760,22316,556
21741,22216,475
22261,22628,367
21971,21467,-504
22348,21880,-468
22296,21660,-636
22291,21571,-720
22534,22834,300
21387,21499,112
22467,22013,-454
21921,22049,128
21844,22212,368
22731,22376,-355
25121,24781,-340
21534,22379,845
22619,21473,-1146
21799,22816,1017
21716,23126,1410
21825,22513,688
21733,22812,1079
21915,22130,215
21311,22310,999
22585,21856,-729
22635,22983,348
21388,22554,1166
22261,22519,258
22712,21957,-755
21853,21923,70
22322,22556,234
22142,21390,-752
22080,22258,178
22735,22325,-410
22491,22389,-102
21716,21527,-189
21309,21743,434
21920,21766,-154
22356,21822,-534
21300,22741,1441
21975,21507,-468
22017,23821,1804
21937,22525,588
22496,21599,-897
21662,22233,571
21913,21862,-51
21666,21696,30
21922,21671,-251
22021,21850,-171
21523,22479,956
22647,22667,20
22004,22055,51
21503,21674,171
22021,22792,771
21501,22960,1459
21656,23150,1494
22440,22061,-379
22028,21459,-569
22046,21918,-128
21349,22847,1498
22049,21414,-635
21712,22566,854
21334,23044,1710
21720,21709,-11
21398,22476,1078
21354,22237,883
21426,22328,902
21346,22262,916
21368,23328,1960
22029,22378,349
21837,22666,829
22029,21915,-114
21896,22737,841
21978,21806,-172
22320,22086,-234
21491,23003,1512
21989,22194,205
22051,22122,71
21906,22748,842
22109,22231,122
23146,21959,-1187
21763,21704,-59
21847,21899,52
22453,22162,-291
21683,21712,29
22061,22267,206
22261,22741,480
21272,22236,964
22662,23205,543
21664,22086,422
21515,22062,547
22368,21558,-810
21369,21845,476
21639,22419,780
22626,22213,-413
22560,23466,906
21744,22295,551
22368,21898,-470
21724,21594,-130
22118,21698,-420
21343,22583,1240
21825,21672,-153
21402,22081,679
22260,22449,189
22333,22237,-96
21806,22314,508
21939,22999,1060
23345,21358,-1987
22852,21678,-1174
22050,22140,90
22073,22969,896
22398,21768,-630
22057,22146,89
22427,21370,-1057
21462,21668,206
22046,21636,-410
21892,22055,163
21304,21736,432
22088,22067,-21
22540,21423,-1117
22476,22822,346
21704,21421,-283
22184,22474,290
23070,21602,-1468
22455,22326,-129
21704,23329,1625
22624,21397,-1227
22756,21679,-1077
22052,21866,-186
22702,22020,-682
21431,21851,420
21969,21593,-376
22362,21869,-493
22586,22178,-408
22273,22037,-236
21868,21537,-331
21383,21829,446
24795,23373,-1422
21665,21574,-91
21310,22676,1366
21472,21562,90
22524,22226,-298
22146,22739,593
22400,21786,-614
23177,21659,-1518
21963,21631,-332
22167,21489,-678
21812,21429,-383
22602,22845,243
22092,22363,271
22158,23087,929
22178,21703,-475
21818,22206,388
22915,21941,-974
21658,22200,542
21884,21661,-223
23198,21540,-1658
22320,21723,-597
21854,22109,255
21664,22979,1315
22599,21606,-993
21790,21497,-293
21815,23023,1208
21620,21622,2
22312,22370,58
22279,21400,-879
21306,21306,0
22193,21523,-670
22128,22309,181
21680,22564,884
21963,22453,490
22369,22305,-64
22167,21848,-319
21992,21953,-39
21674,21994,320
23063,22407,-656
23071,22423,-648
22516,22729,213
21734,22058,324
21375,22274,899
21344,22455,1111
22321,22642,321
22340,22194,-146
22671,21952,-719
22513,21304,-1209
22965,22594,-371
21704,22179,475
22513,22647,134
22413,21802,-611
22443,23367,924
21410,22623,1213
22040,22265,225
22083,22272,189
21804,23457,1653
22220,22272,52
22044,21469,-575
23045,22084,-961
22757,22577,-180
21449,21839,390
22389,21603,-786
22369,22065,-304
21889,22624,735
21789,23033,1244
21985,21986,1
22116,21943,-173
21676,22267,591
22035,21846,-189
21712,23457,1745
22829,21783,-1046
22279,21948,-331
22514,21302,-1212
21506,22450,944
22181,21843,-338
22920,21304,-1616
22298,21299,-999
21296,22120,824
21777,22479,702
22105,22582,477
22925,22323,-602
22214,21525,-689
22235,22370,135
21312,21939,627
22084,21795,-289
21861,21302,-559
21998,22259,261
21966,22408,442
22705,22081,-624
22014,21745,-269
23429,21884,-1545
22833,22099,-734
21537,22044,507
22590,21349,-1241
23385,22817,-568
23127,21940,-1187
22312,21914,-398
22853,22417,-436
22198,21647,-551
21712,21752,40
21749,22464,715
21603,22224,621
22219,22644,425
21693,21990,297
22080,22526,446
22017,22316,299
21955,21981,26
21743,22679,936
21874,22929,1055
21337,22153,816
22225,21524,-701
21845,22127,282
22053,21552,-501
22076,21872,-204
21991,22230,239
22178,22139,-39
22044,21556,-488
22460,21316,-1144
22145,22376,231
22841,21509,-1332
22507,22212,-295
23107,23021,-86
22115,22272,157
21918,21623,-295
22656,21704,-952
22479,22123,-356
22448,21929,-519
22228,22347,119
22694,21492,-1202
21945,21820,-125
23007,21436,-1571
22927,21798,-1129
22149,21764,-385
22007,21387,-620
23306,21557,-1749
21537,22644,1107
21986,21411,-575
22213,21414,-799
22632,22132,-500
21916,22264,348
22062,23077,1015
21517,21632,115
22350,22556,206
21986,22101,115
21603,21659,56
22406,21688,-718
21637,21908,271
22041,23166,1125
21788,21645,-143
21926,22245,319
22182,22128,-54
22508,21620,-888
21834,22273,439
21413,21654,241
21853,21835,-18
21727,21991,264
21670,22029,359
22027,22132,105
21662,21797,135
22247,21986,-261
22151,21866,-285
21299,22555,1256
22562,21696,-866
22107,22068,-39
21312,21428,116
22359,22276,-83
21787,22446,659
21653,21875,222
22158,22438,280
21326,22531,1205
21987,21762,-225
21315,21444,129
22050,22279,229
22373,22075,-298
21392,23763,2371
22472,21960,-512
21961,22496,535
22805,22457,-348
22059,22466,407
21297,22218,921
22120,22137,17
22303,21997,-306
21638,22644,1006
21620,22184,564
22544,22150,-394
21592,22039,447
21688,21321,-367
21676,22369,693
21365,22289,924
22107,21686,-421
21793,22119,326
21276,22042,766
21345,22089,744
22256,22338,82
22056,22299,243
21989,22161,172
22351,22418,67
21979,22490,511
22296,21298,-998
22421,22309,-112
21845,22609,764
21821,22735,914
21765,22511,746
22341,21886,-455
22567,21747,-820
21927,23111,1184
21705,22091,386
21755,23043,1288
22043,21589,-454
21868,21973,105
21990,22669,679
21949,22653,704
22150,22189,39
22891,22039,-852
21324,22284,960
21836,22580,744
22617,21973,-644
21813,21978,165
21870,22044,174
22382,22186,-196
22971,21852,-1119
21970,21955,-15
22634,22501,-133
22475,22001,-474
22930,22382,-548
21666,22006,340
22528,22838,310
21279,22864,1585
22060,22255,195
21309,22155,846
22040,23523,1483
23095,22408,-687
21850,22774,924
21757,21927,170
22077,22436,359
22055,21540,-515
21768,21960,192
22755,22048,-707
22053,21629,-424
21773,22073,300
21712,21586,-126
22638,22791,153
22685,21780,-905
23693,21632,-2061
21803,22990,1187
21445,22046,601
22253,23014,761
22220,22423,203
21686,23049,1363
21306,23018,1712
21701,22420,719
22661,21322,-1339
21985,21467,-518
22269,23064,795
22411,23042,631
22309,22019,-290
22078,21616,-462
22037,22607,570
22678,21460,-1218
21974,21933,-41
23340,21333,-2007
23031,22364,-667
22098,21630,-468
22094,23146,1052
21793,22688,895
21843,22908,1065
22640,22032,-608
22816,22875,59
21925,22033,108
22473,21984,-489
22070,22216,146
21530,22156,626
22106,21670,-436
22019,22683,664
22262,21576,-686
21713,22291,578
22073,22337,264
21279,21707,428
21669,21699,30
22029,22357,328
21896,21274,-622
22352,22892,540
22520,22042,-478
21994,21994,0
21281,22540,1259
22373,21477,-896
22950,21261,-1689
22004,22851,847
21951,22232,281
21840,22957,1117
21306,22186,880
22654,21323,-1331
21989,21491,-498
21982,21528,-454
22045,21430,-615
21685,22256,571
22388,21878,-510
21859,22611,752
21919,22129,210
21968,21552,-416
22154,22033,-121
21964,21763,-201
21676,22961,1285
21555,22573,1018
22564,21771,-793
23173,22107,-1066
22023,22336,313
21914,21681,-233
21972,22459,487
22612,22667,55
22576,22000,-576
21671,21603,-68
21911,21890,-21
21338,22569,1231
21867,22151,284
22656,21653,-1003
22116,21875,-241
21390,21983,593
22238,22266,28
22132,21494,-638
22353,22713,360
22348,21978,-370
21841,21504,-337
22356,22192,-164
22571,22476,-95
21667,22194,527
21330,22302,972
21540,21416,-124
22641,22177,-464
21514,22219,705
21929,22512,583
21790,21862,72
22692,22153,-539
22068,22431,363
22010,22647,637
22056,22319,263
22611,21483,-1128
23410,21964,-1446
22287,22172,-115
21272,22322,1050
21512,22035,523
21680,22455,775
22002,22914,912
21531,22152,621
22012,22193,181
22269,22130,-139
21305,23046,1741
22415,21913,-502
21263,21959,696
21899,21287,-612
22675,22177,-498
22372,21588,-784
21616,22137,521
22515,22113,-402
22340,22280,-60
21989,22356,367
22251,22160,-91
22086,21520,-566
22103,21793,-310
22081,22346,265
21311,22275,964
22207,22342,135
21691,22612,921
22145,22005,-140
22178,21852,-326
21324,21921,597
21666,22118,452
22151,22955,804
21962,21665,-297
21918,22436,518
21988,22398,410
22719,21418,-1301
21976,22160,184
22909,22463,-446
21457,21709,252
22313,21962,-351
22876,22046,-830
22241,22449,208
21371,22281,910
21717,22688,971
21718,22667,949
21721,22871,1150
22695,21887,-808
22006,21311,-695
22727,22550,-177
22635,21298,-1337
21930,22052,122
22927,21935,-992
21826,21700,-126
22448,22061,-387
22039,22190,151
21305,21536,231
22357,21700,-657
22515,22960,445
21980,21849,-131
21996,21594,-402
22000,21775,-225
22321,22016,-305
22296,21584,-712
21743,21685,-58
21875,22095,220
22459,22072,-387
22264,22098,-166
22610,22817,207
21800,22879,1079
22035,22219,184
21692,22508,816
21952,21781,-171
22651,22401,-250
21309,22624,1315
22553,22407,-146
22548,21731,-817
21810,22367,557
21689,22130,441
21372,21679,307
22379,22351,-28
23134,22145,-989
21261,22962,1701
21985,21831,-154
23112,21798,-1314
21662,22268,606
22352,22066,-286
21995,21756,-239
22519,21670,-849
22739,22184,-555
22514,21948,-566
21779,22359,580
22335,22228,-107
22031,21826,-205
21700,22543,843
21709,22129,420
21656,22828,1172
22063,22064,1
21658,21971,313
22051,21294,-757
21557,22312,755
21663,22561,898
21312,22134,822
22292,22621,329
21697,22590,893
22443,22353,-90
22893,22119,-774
21712,21493,-219
22093,21867,-226
21815,21294,-521
21676,21596,-80
22862,21625,-1237
22027,21852,-175
21717,22322,605
22098,22425,327
21661,22804,1143
21896,22300,404
22854,21733,-1121
21653,21499,-154
22283,22094,-189
21967,23719,1752
22152,22873,721
22452,21612,-840
21721,22386,665
22464,22632,168
21685,22490,805
21638,21437,-201
23445,22869,-576
21823,21667,-156
22370,21944,-426
22329,22398,69
21906,22486,580
21589,22434,845
22037,21502,-535
21963,23239,1276
21290,22146,856
22082,22334,252
22181,22224,43
21979,21829,-150
22030,22243,213
21998,22860,862
22291,22007,-284
22558,22303,-255
22373,22167,-206
21321,21991,670
21923,21844,-79
22764,21546,-1218
22749,21756,-993
22138,22114,-24
21412,22828,1416
22383,22620,237
21270,22048,778
22272,22669,397
22257,22442,185
21978,22384,406
22090,21641,-449
22438,23093,655
21526,22107,581
21684,22952,1268
21295,21591,296
22070,21608,-462
22769,21858,-911
22549,22825,276
21429,22113,684
21684,21719,35
21786,21594,-192
21820,22717,897
21545,22278,733
21753,22174,421
22936,21663,-1273
22535,22033,-502
22262,21896,-366
22303,21685,-618
22345,22216,-129
22320,22085,-235
22163,21747,-416
21603,21815,212
22359,22257,-102
21983,21862,-121
22194,22070,-124
22509,22390,-119
22044,22178,134
22358,22000,-358
22598,22065,-533
21315,21907,592
22699,21811,-888
22788,22030,-758
21295,21947,652
21753,21839,86
22112,22750,638
21705,21741,36
21952,22813,861
21718,21897,179
22075,22111,36
22458,22088,-370
22071,22053,-18
22722,22618,-104
22916,22187,-729
22293,21928,-365
22170,21620,-550
21576,22041,465
21269,22009,740
21894,21405,-489
22262,22132,-130
22005,21479,-526
21831,21580,-251
21686,21641,-45
21975,21508,-467
22089,22214,125
22024,23128,1104
21694,21666,-28
22020,21296,-724
22116,21554,-562
23062,21474,-1588
22525,22431,-94
21994,22363,369
21666,22774,1108
22180,21416,-764
21894,21790,-104
22257,21528,-729
22365,21910,-455
21671,23283,1612
22042,22232,190
21784,21697,-87
22580,22293,-287
21287,22092,805
22017,22037,20
22026,21736,-290
22485,21327,-1158
22238,22027,-211
22043,21785,-258
22595,21288,-1307
22651,22089,-562
22498,22693,195
21674,22280,606
21454,22256,802
22911,22071,-840
22671,21870,-801
21964,21990,26
21939,22346,407
21457,22017,560
22829,22099,-730
22340,21345,-995
22550,22286,-264
21522,22837,1315
21766,21911,145
23217,22108,-1109
22063,22193,130
22139,22438,299
22245,22689,444
21638,22070,432
21979,22569,590
21947,22101,154
21277,22271,994
21901,21433,-468
22278,21847,-431
22371,21610,-761
21977,21683,-294
22289,23051,762
21936,22359,423
22154,21869,-285
21287,22235,948
21661,21842,181
22055,21440,-615
21329,21954,625
22696,22057,-639
21330,21922,592
21432,22564,1132
21568,21853,285
22097,21590,-507
22346,21630,-716
22150,22006,-144
22381,22293,-88
22367,22215,-152
21682,21937,255
22068,22442,374
22068,22291,223
22062,22455,393
21893,22514,621
22268,22477,209
22065,21391,-674
22841,22443,-398
21441,21292,-149
22420,21453,-967
22449,22398,-51
21615,22725,1110
21879,21645,-234
23122,21559,-1563
22590,23148,558
22580,21890,-690
21873,22182,309
21961,22258,297
22067,21813,-254
21566,21870,304
23070,22157,-913
22473,22343,-130
22063,21628,-435
22469,22481,12
22898,22075,-823
21953,22363,410
22588,22157,-431
22860,21971,-889
23258,21269,-1989
21822,22012,190
21578,21756,178
22042,22028,-14
21926,21713,-213
21738,21981,243
22863,21669,-1194
21279,21834,555
22617,21839,-778
22027,22476,449
21660,21701,41
22481,21572,-909
21982,22485,503
23248,21940,-1308
21519,21965,446
22092,21900,-192
22747,22317,-430
22068,22094,26
21702,21286,-416
21399,22055,656
21608,22356,748
22211,22863,652
22058,22138,80
21861,22177,316
22178,22047,-131
21676,22309,633
21758,23621,1863
22209,23316,1107
21262,22161,899
22255,22353,98
22065,22167,102
21513,22045,532
22879,22532,-347
22050,22128,78
21936,21663,-273
21978,22804,826
22154,22645,491
22046,22557,511
21595,21275,-320
22662,21353,-1309
21884,22218,334
21665,22052,387
22653,22416,-237
22110,22059,-51
22800,21916,-884
21558,21304,-254
21675,21717,42
22004,21939,-65
22648,21751,-897
22141,21385,-756
22240,22273,33
21655,22288,633
22194,21438,-756
22982,21668,-1314
21924,22497,573
22080,21695,-385
21287,22728,1441
24165,22064,-2101
21882,22042,160
21271,22109,838
21678,22276,598
21871,22585,714
22552,21942,-610
21971,21488,-483
21672,22486,814
22411,21973,-438
21319,22136,817
22340,21288,-1052
22075,21944,-131
22052,22561,509
22083,22583,500
21942,22350,408
22436,22096,-340
22155,22172,17
22294,21428,-866
21552,21871,319
22040,21942,-98
23342,21676,-1666
22007,22716,709
21708,23329,1621
22456,22347,-109
21918,22070,152
22056,21965,-91
21925,22542,617
22538,21423,-1115
22559,22328,-231
22485,22623,138
21511,22434,923
21515,23371,1856
21286,22517,1231
21992,21919,-73
22182,23036,854
21980,22209,229
22538,22171,-367
21566,21550,-16
21675,21600,-75
21675,21926,251
22374,21662,-712
22559,23024,465
22533,22437,-96
21616,22414,798
22336,22136,-200
21673,21445,-228
22483,22440,-43
21692,22715,1023
21993,22210,217
22396,22280,-116
22473,22502,29
21276,22630,1354
22233,21734,-499
22441,21374,-1067
22827,21603,-1224
22525,22793,268
22062,22600,538
21461,21913,452
22361,21656,-705
21661,22185,524
22224,23559,1335
21460,22640,1180
22039,22066,27
21940,22547,607
22723,21777,-946
21940,22138,198
21969,21804,-165
21676,22044,368
22225,22070,-155
22319,22791,472
22936,21780,-1156
21290,22038,748
21840,22341,501
22122,22718,596
22066,23315,1249
21273,22802,1529
22675,22073,-602
22609,22476,-133
22073,22384,311
21294,22301,1007
21643,22512,869
22070,21583,-487
22437,21816,-621
21536,21271,-265
22694,21640,-1054
22373,21651,-722
22433,22613,180
21465,23454,1989
21534,22257,723
22502,21612,-890
21675,21834,159
22882,22374,-508
21940,21415,-525
22009,22512,503
22056,22349,293
22219,21376,-843
22454,22065,-389
22265,21808,-457
21910,22149,239
22246,21404,-842
22354,22288,-66
22258,22427,169
21612,21330,-282
23442,23683,241
22039,22764,725
21516,22239,723
21653,21955,302
22309,22123,-186
21487,22854,1367
22641,21842,-799
22345,21426,-919
22830,21704,-1126
21706,22209,503
22029,22459,430
21275,22100,825
22046,22085,39
22363,22720,357
21680,23080,1400
21345,23446,2101
22438,22515,77
22215,21432,-783
22970,21838,-1132
22657,22666,9
21413,21975,562
22496,22093,-403
21743,21574,-169
22902,21718,-1184
21965,23330,1365
22322,22888,566
21388,22500,1112
22205,21877,-328
22702,21909,-793
23204,21897,-1307
21740,21549,-191
21411,23381,1970
21839,22067,228
21878,22119,241
21775,22619,844
21672,22616,944
22035,21457,-578
22795,22113,-682
21606,22054,448
22442,22352,-90
22050,22639,589
22086,21711,-375
22833,22886,53
22054,22928,874
22193,21564,-629
21679,21715,36
21470,22335,865
21280,22710,1430
22076,21761,-315
22555,21266,-1289
22085,21967,-118
22476,23016,540
22075,21538,-537
21683,21891,208
22457,22295,-162
21924,22335,411
21870,22185,315
21959,23581,1622
21600,22030,430
22445,22035,-410
21909,22733,824
22286,21933,-353
21753,22609,856
22460,23108,648
21947,22364,417
21553,21457,-96
22215,21542,-673
22037,22688,651
21662,21857,195
21618,21651,33
21343,21792,449
22148,21839,-309
21677,23090,1413
21740,21923,183
22111,22766,655
21651,22841,1190
22336,21279,-1057
21756,22024,268
22070,22280,210
22806,22749,-57
22077,23010,933
21743,22609,866
22896,22092,-804
22288,22592,304
22534,21674,-860
21566,21928,362
23287,22031,-1256
21960,22035,75
22275,22388,113
21306,22020,714
21647,22460,813
21975,22404,429
21589,21717,128
21265,21774,509
22162,22041,-121
21726,21491,-235
22447,21373,-1074
22311,21881,-430
22290,22810,520
21733,21829,96
21326,22757,1431
21678,22154,476
22353,21445,-908
22194,21386,-808
21262,22580,1318
21894,22226,332
22565,22446,-119
22385,22064,-321
22715,21582,-1133
21980,23017,1037
21345,21664,319
21569,22378,809
22373,22245,-128
22557,21880,-677
22060,22928,868
22199,22712,513
21651,22285,634
22352,22021,-331
21266,21873,607
21845,21793,-52
22147,21410,-737
21278,21929,651
21825,21680,-145
22466,21686,-780
22742,22445,-297
22061,21821,-240
21712,22605,893
22046,21842,-204
23337,24411,1074
22001,21647,-354
22059,22745,686
22047,22658,611
22969,21673,-1296
22396,22037,-359
22393,22535,142
21446,22316,870
21488,22806,1318
21947,22571,624
22065,22198,133
22265,22442,177
22356,22244,-112
22865,22049,-816
21262,21336,74
21262,23348,2086
22312,22722,410
22518,21659,-859
22093,22270,177
22164,21943,-221
22056,23967,1911
21782,22081,299
22445,21929,-516
22497,21707,-790
22354,21696,-658
21538,21362,-176
21450,22045,595
21969,22340,371
21967,22090,123
22754,22225,-529
22926,22328,-598
21667,22827,1160
22462,21763,-699
22055,21653,-402
22098,22331,233
21904,21526,-378
21971,22358,387
21748,22254,506
21976,22946,970
21453,22538,1085
22859,22067,-792
22710,21916,-794
22595,22621,26
22689,21495,-1194
22531,21887,-644
21713,22294,581
21796,22325,529
22794,21843,-951
21592,21692,100
21974,23081,1107
21653,21964,311
21922,22151,229
22665,22597,-68
21653,22498,845
21655,22431,776
22340,21929,-411
21603,22510,907
21841,22041,200
22458,22382,-76
21671,22580,909
22452,23161,709
24223,23203,-1020
23210,23443,233
22804,23163,359
22599,22729,130
23024,23719,695
22972,23251,279
24007,24000,-7
22291,23099,808
23570,23399,-171
23185,24154,969
23589,23345,-244
23274,23155,-119
23372,23189,-183
23261,22727,-534
23483,23812,329
22608,23473,865
23207,23680,473
22334,23333,999
24029,23939,-90
22927,23788,861
22937,23070,133
22966,22717,-249
23541,23519,-22
22722,23825,1103
22466,23594,1128
23497,23904,407
22440,22512,72
22850,22834,-16
23465,23602,137
22498,23484,986
23159,22727,-432
22849,23589,740
23329,23155,-174
23004,22922,-82
23417,22975,-442
23826,23351,-475
23505,23009,-496
22797,23709,912
23818,23300,-518
23587,23680,93
22469,22816,347
23050,23521,471
23573,21935,-1638
22540,22719,179
22755,22734,-21
23060,23299,239
21421,23265,1844
22738,22788,50
22842,21528,-1314
21662,23387,1725
21845,22757,912
22280,24941,2661
22778,22395,-383
23305,23806,501
23341,22569,-772
22837,22045,-792
22377,21937,-440
22627,22054,-573
23768,21743,-2025
23014,22444,-570
21432,23517,2085
21713,22821,1108
22699,22711,12
22049,22932,883
23070,22267,-803
22364,22924,560
22667,24365,1698
22569,21857,-712
24200,23423,-777
23129,23301,172
22975,22793,-182
22772,22171,-601
21699,21409,-290
21278,22184,906
22823,22359,-464
23317,22291,-1026
21275,22418,1143
21261,23409,2148
22335,23378,1043
22702,21834,-868
21894,22620,726
23225,23147,-78
21885,22219,334
22334,21511,-823
21658,22953,1295
22547,23079,532
23595,23447,-148
22457,22762,305
22710,22057,-653
23508,22092,-1416
22719,21972,-747
22329,22264,-65
22292,21656,-636
22845,23149,304
22990,22281,-709
21662,22535,873
21262,22125,863
21654,22710,1056
23048,22877,-171
22184,22276,92
22708,22618,-90
22937,21626,-1311
22668,23414,746
22719,22081,-638
21803,22569,766
22276,21778,-498
22700,23464,764
22756,23052,296
22498,22859,361
22962,23063,101
23774,21966,-1808
22318,22431,113
21804,22378,574
22992,21936,-1056
22995,22162,-833
23343,21654,-1689
22549,23065,516
22303,23825,1522
22542,24325,1783
22950,22711,-239
23493,21960,-1533
22701,22799,98
23233,23342,109
22580,23819,1239
23591,22736,-855
23299,23191,-108
23242,22482,-760
22288,21479,-809
22090,22593,503
22751,21885,-866
24314,22957,-1357
22499,22341,-158
21687,22426,739
23139,22702,-437
23677,23479,-198
22638,22764,126
22369,23881,1512
22962,22663,-299
22657,23811,1154
22486,21861,-625
22210,21460,-750
22666,23223,557
23033,24094,1061
22063,22893,830
22110,22402,292
22338,23045,707
23255,22828,-427
22494,21370,-1124
23241,21263,-1978
22256,22354,98
22883,23237,354
23427,23714,287
22820,21411,-1409
22379,22348,-31
22268,22250,-18
22714,21612,-1102
22941,22287,-654
22137,21651,-486
22447,21266,-1181
22749,23309,560
21866,22634,768
23316,23303,-13
22151,22075,-76
22507,21655,-852
22831,23296,465
23060,23309,249
23343,22060,-1283
23448,22044,-1404
22965,22227,-738
21267,22716,1449
22505,23312,807
22355,22989,634
22045,22712,667
22300,23050,750
22476,22708,232
21937,22746,809
21984,21989,5
21762,22831,1069
22723,22550,-173
22932,22705,-227
22147,22145,-2
22443,22275,-168
22730,21579,-1151
22576,21762,-814
21976,21790,-186
22968,22528,-440
22794,22550,-244
21783,22413,630
22290,23789,1499
24114,23240,-874
21939,22058,119
22356,24468,2112
21984,22284,300
22262,21979,-283
22040,23057,1017
23589,22173,-1416
22192,24081,1889
22802,23907,1105
21929,22861,932
22379,23552,1173
21737,22745,1008
23463,22188,-1275
23039,22034,-1005
22048,23203,1155
22339,21486,-853
22191,23632,1441
22171,22697,526
22332,23940,1608
22038,22619,581
21660,23408,1748
22447,21630,-817
22012,22691,679
22486,22145,-341
23194,23003,-191
22717,23810,1093
22895,22756,-139
22818,23339,521
23074,22468,-606
22850,23820,970
22259,23180,921
22357,21667,-690
22835,21966,-869
22017,23090,1073
23176,22583,-593
22612,21674,-938
23349,22996,-353
22620,22691,71
23326,21986,-1340
21656,21272,-384
23186,22911,-275
22811,22711,-100
22524,23075,551
22174,23125,951
22693,22280,-413
22640,23082,442
22794,23299,505
22873,22472,-401
21264,22068,804
21699,22770,1071
23479,22891,-588
22999,22538,-461
22448,22423,-25
22807,22280,-527
22862,23313,451
22759,22594,-165
22183,21661,-522
22866,22231,-635
22300,23049,749
21667,23186,1519
21318,22180,862
22071,22040,-31
22461,21984,-477
22205,22600,395
23233,21692,-1541
21261,21883,622
21354,23311,1957
21939,22310,371
22746,23415,669
22064,22367,303
21920,22959,1039
23782,21322,-2460
22646,22413,-233
22388,23079,691
21881,21839,-42
21756,22591,835
21999,22041,42
22776,23517,741
21768,22476,708
22748,22960,212
21656,21859,203
22665,22377,-288
22272,22376,104
22340,21721,-619
21984,22581,597
21283,22524,1241
22080,23068,988
23147,21850,-1297
21278,22263,985
22157,22619,462
22023,21985,-38
22020,22634,614
22735,22329,-406
22443,22307,-136
22060,22972,912
23196,23135,-61
23039,22722,-317
23153,22077,-1076
23317,22095,-1222
22369,23680,1311
23085,22841,-244
21559,24002,2443
21843,22273,430
22260,21832,-428
22326,22280,-46
22951,21965,-986
21666,22104,438
22245,22396,151
21994,22732,738
22489,22022,-467
21878,22592,714
22785,24481,1696
22559,21893,-666
23227,21872,-1355
21903,21721,-182
22642,23221,579
21648,21689,41
21656,22899,1243
23162,22697,-465
22750,22471,-279
21264,22617,1353
22000,21530,-470
23070,22210,-860
21490,22427,937
23461,21543,-1918
22377,22555,178
22068,22951,883
22546,22859,313
22768,23829,1061
22232,22283,51
22502,22682,180
22434,23223,789
23033,21665,-1368
22598,22457,-141
21829,22632,803
22908,22312,-596
22573,21599,-974
21691,22209,518
22302,22192,-110
22411,23164,753
22814,22645,-169
22132,22127,-5
21900,21665,-235
21668,22714,1046
21978,21550,-428
22281,21294,-987
22235,22280,45
22218,21547,-671
22449,23835,1386
22958,21651,-1307
21918,22318,400
22302,22867,565
22607,22262,-345
22692,23034,342
22448,24864,2416
23373,23120,-253
21294,23306,2012
22882,21842,-1040
21263,21847,584
23149,22059,-1090
22855,22411,-444
23255,23088,-167
22226,22465,239
21661,23109,1448
23523,21866,-1657
21578,22002,424
23308,22880,-428
21839,23097,1258
22093,22754,661
22906,22071,-835
22333,22660,327
23314,23802,488
23368,22692,-676
21970,22923,953
22178,22692,514
22175,22484,309
22351,23284,933
22147,22980,833
22618,22370,-248
22263,22265,2
21665,22387,722
21937,21756,-181
22211,22006,-205
22552,22483,-69
22056,22713,657
23539,21962,-1577
22306,22188,-118
21921,23064,1143
22457,22999,542
21285,22084,799
21287,21685,398
22725,22292,-433
23752,21849,-1903
21634,22265,631
22423,21848,-575
21670,22301,631
22667,21816,-851
22724,21709,-1015
22612,22731,119
21893,22702,809
21935,21675,-260
21877,22106,229
21850,22335,485
21600,23249,1649
21837,24829,2992
24131,22313,-1818
23239,22304,-935
21781,23348,1567
21545,21939,394
21785,24132,2347
23291,22654,-637
21759,23321,1562
22281,23002,721
22051,21698,-353
21654,22536,882
22880,22141,-739
21935,23450,1515
21674,23648,1974
22302,22143,-159
21675,21417,-258
22272,22753,481
21834,22798,964
22957,23209,252
21901,22047,146
22668,22259,-409
22107,23478,1371
22518,21684,-834
21469,22886,1417
22438,22699,261
21662,22471,809
22532,21523,-1009
23367,22396,-971
21791,23191,1400
22864,21666,-1198
22158,22509,351
23405,22615,-790
21371,22305,934
22145,22214,69
22217,23065,848
23400,23306,-94
22922,21646,-1276
21667,21553,-114
22954,22437,-517
23104,22573,-531
22796,23377,581
22056,22596,540
22556,22743,187
23018,22264,-754
21809,23450,1641
22006,22585,579
21940,22048,108
23366,22399,-967
22225,22343,118
21670,23229,1559
22409,22511,102
22473,21959,-514
21663,22443,780
23200,23770,570
23094,22818,-276
22109,23115,1006
22613,22192,-421
23093,21859,-1234
22435,23117,682
22185,23056,871
22559,22321,-238
21661,21916,255
22946,22826,-120
23121,22412,-709
22726,23587,861
23237,23006,-231
22377,22437,60
22752,22549,-203
21676,22538,862
21774,21943,169
21714,22743,1029
22046,21709,-337
22340,22488,148
23241,22133,-1108
22404,22065,-339
22059,22738,679
22817,23226,409
23175,22079,-1096
22009,22368,359
21303,22240,937
22036,22734,698
22809,23118,309
22544,21606,-938
21848,22478,630
21790,22931,1141
22757,22391,-366
22610,22596,-14
22051,21847,-204
22670,21284,-1386
22117,22684,567
22264,22202,-62
22740,22343,-397
22363,21852,-511
22816,22498,-318
21664,22975,1311
21889,22149,260
21659,21573,-86
22763,22966,203
23289,22895,-394
22097,22793,696
22262,22692,430
22061,22308,247
22702,21850,-852
23903,21959,-1944
22275,23230,955
22437,21877,-560
23045,22177,-868
22904,22213,-691
22714,21773,-941
22168,22560,392
23208,22327,-881
22434,23427,993
21684,22978,1294
21648,22641,993
21605,22082,477
21848,22404,556
22435,22267,-168
22925,23042,117
22044,23042,998
21661,22117,456
22082,21667,-415
22786,21646,-1140
23010,22422,-588
23303,21933,-1370
23317,21686,-1631
22489,22870,381
23204,22942,-262
21800,21664,-136
22279,22584,305
21731,22609,878
21890,22799,909
22367,21783,-584
22063,22462,399
23346,21558,-1788
22737,21949,-788
22328,22538,210
22961,22367,-594
22666,22210,-456
23329,21378,-1951
22649,22345,-304
23267,22340,-927
21299,22775,1476
21867,22670,803
22072,21485,-587
21794,22388,594
21342,22862,1520
22673,21959,-714
21637,22552,915
23037,21313,-1724
22212,22141,-71
23039,23760,721
22253,22309,56
22438,21747,-691
21842,22870,1028
22046,22708,662
22484,22671,187
22220,22775,555
23266,23091,-175
21945,21983,38
22576,22807,231
22958,21394,-1564
23049,22422,-627
23120,22161,-959
21926,22112,186
22561,22745,184
21650,23244,1594
22115,22507,392
22015,21262,-753
22506,22810,304
22682,22835,153
22933,22888,-45
22389,22466,77
22566,23129,563
21489,21840,351
22050,23611,1561
22966,21596,-1370
22228,21284,-944
21979,23676,1697
22303,22771,468
21660,21611,-49
22482,21827,-655
22811,21423,-1388
23338,23265,-73
21412,22720,1308
22068,23334,1266
22500,22849,349
22429,22708,279
23294,22226,-1068
22442,22260,-182
22510,22108,-402
22459,22013,-446
21629,21845,216
22382,21657,-725
22055,23538,1483
22737,22338,-399
22550,22207,-343
22531,22387,-144
22004,23397,1393
21296,22281,985
22493,22193,-300
22399,22045,-354
22402,22913,511
22409,22440,31
22499,22869,370
22105,22430,325
23023,22683,-340
22041,21666,-375
22424,23779,1355
21955,22734,779
22059,23227,1168
22039,22707,668
22967,22750,-217
22048,21834,-214
23425,22083,-1342
21276,21795,519
22349,22352,3
22660,22400,-260
21834,22373,539
22675,22268,-407
21965,22069,104
22358,21978,-380
22781,22608,-173
22036,22737,701
22426,22527,101
22167,22281,114
22826,21922,-904
21641,22248,607
22698,21930,-768
22563,22080,-483
24647,22107,-2540
22771,22313,-458
22280,22744,464
23083,22983,-100
22618,22209,-409
21908,22745,837
22692,23080,388
22363,22415,52
23570,23110,-460
23019,22588,-431
22851,23044,193
22353,22933,580
23363,21677,-1686
21848,22359,511
21654,21847,193
22276,22718,442
21651,23451,1800
22453,23395,942
23237,22052,-1185
23264,22106,-1158
22493,22995,502
21672,21495,-177
22849,22394,-455
21650,21692,42
21581,21450,-131
22691,22318,-373
21296,22366,1070
22045,22674,629
22008,22118,110
21531,23772,2241
21961,22362,401
22364,22715,351
22685,22123,-562
22468,21747,-721
22318,21724,-594
21844,22597,753
22743,22934,191
22497,23076,579
21898,21804,-94
22691,21516,-1175
21296,23059,1763
22332,21432,-900
21651,22508,857
22914,23653,739
21736,21903,167
22989,22358,-631
21305,23027,1722
22193,21760,-433
22545,21917,-628
22092,22757,665
22173,22286,113
21379,23453,2074
22523,22166,-357
22411,22565,154
22138,22489,351
22427,22305,-122
22011,22264,253
22246,21585,-661
22099,23197,1098
22264,22751,487
22336,22723,387
22842,22306,-536
23599,22291,-1308
22379,21777,-602
22134,21762,-372
22168,22520,352
22851,21980,-871
22948,22419,-529
21436,22276,840
22655,22675,20
23727,22570,-1157
23068,23541,473
22493,22707,214
21814,21815,1
22614,22887,273
21472,22237,765
22053,23060,1007
22222,22537,315
22051,22068,17
21656,23046,1390
22278,22927,649
21669,22785,1116
21259,21987,728
21691,22510,819
22056,21839,-217
21327,22369,1042
21693,22211,518
22775,22746,-29
22423,21756,-667
22187,21808,-379
21988,22446,458
23424,22241,-1183
22178,21911,-267
21461,21922,461
22195,22939,744
21702,22192,490
22250,22697,447
22393,22146,-247
21284,22590,1306
21682,22225,543
23263,22006,-1257
22532,22912,380
22450,23054,604
22115,23105,990
21424,21659,235
22517,23292,775
22200,21536,-664
23153,23031,-122
21549,23215,1666
21685,22828,1143
23109,21939,-1170
21663,23233,1570
22638,21665,-973
22852,21818,-1034
23166,22277,-889
22188,22997,809
22680,22146,-534
22948,22225,-723
21877,22287,410
22832,21535,-1297
22194,22865,671
22000,22642,642
22341,23141,800
22346,22026,-320
23161,21278,-1883
22566,22518,-48
22908,22542,-366
22556,22060,-496
21894,21288,-606
21260,21981,721
21614,22981,1367
22615,22400,-215
21868,21840,-28
22259,21707,-552
22044,22203,159
22355,21275,-1080
22294,22593,299
21948,22672,724
22317,21915,-402
22447,22730,283
22274,23286,1012
22704,23311,607
22057,22748,691
23166,22673,-493
21892,21497,-395
22771,22561,-210
22395,22159,-236
23114,21894,-1220
21848,21798,-50
21666,23533,1867
22356,23006,650
22505,23229,724
22439,21777,-662
21910,21771,-139
21825,22341,516
22029,22957,928
22713,22948,235
21831,22420,589
22422,22587,165
22929,21686,-1243
21679,22771,1092
22048,21685,-363
22286,22598,312
22433,22555,122
22084,22073,-11
22868,21421,-1447
23512,22009,-1503
22499,22304,-195
21955,22413,458
21869,21962,93
21945,23693,1748
21682,22610,928
21744,21814,70
22246,22124,-122
23011,22337,-674
23929,21997,-1932
22449,22111,-338
22320,23406,1086
22814,22719,-95
22419,21627,-792
21860,22451,591
21451,22416,965
23010,22133,-877
21921,22466,545
22015,21906,-109
21932,22748,816
21631,22099,468
21879,22120,241
22047,22282,235
22606,22222,-384
23369,22690,-679
21651,21828,177
22274,22555,281
22255,23031,776
21929,22333,404
21956,23260,1304
22973,22201,-772
21859,22076,217
23235,22700,-535
22059,22908,849
22033,22531,498
21862,22946,1084
21309,22434,1125
22829,23311,482
22873,22609,-264
22230,21834,-396
23329,22402,-927
22424,22905,481
22674,21860,-814
21868,21684,-184
22320,23003,683
21588,22961,1373
22733,22310,-423
22442,22137,-305
22094,21684,-410
21357,22261,904
21674,21977,303
21761,22237,476
21574,21906,332
21980,22392,412
22695,21673,-1022
21489,22563,1074
21447,22274,827
21882,21871,-11
22264,21900,-364
21404,22094,690
21970,21812,-158
21859,22443,584
21650,22409,759
23226,23182,-44
22744,22035,-709
22981,22617,-364
22255,22828,573
22441,22373,-68
22721,22675,-46
22326,22110,-216
22543,21673,-870
22604,22811,207
22036,22798,762
22372,21773,-599
21536,21994,458
22560,22870,310
21558,22047,489
22234,23308,1074
23057,22254,-803
22973,22272,-701
22047,22974,927
22084,22704,620
22394,22282,-112
22597,21790,-807
22407,22767,360
22277,22987,710
22165,23043,878
22378,23182,804
22516,22725,209
21777,22512,735
21346,22560,1214
22857,22790,-67
21574,22599,1025
23068,21894,-1174
22229,22350,121
22128,22300,172
22130,22057,-73
22459,22244,-215
22232,22671,439
22125,22410,285
22719,22259,-460
22409,21753,-656
22027,21737,-290
22405,22324,-81
22026,22572,546
22699,22632,-67
21874,21687,-187
22305,22318,13
22067,21706,-361
22493,22992,499
22163,23332,1169
21653,22420,767
23423,22433,-990
22062,23323,1261
21699,22831,1132
22406,22376,-30
22825,21846,-979
22839,23963,1124
22325,22413,88
22367,21343,-1024
22473,21906,-567
22194,21703,-491
22923,21644,-1279
22824,23420,596
22287,22321,34
22274,21321,-953
22153,22803,650
21765,22145,380
21954,22010,56
22311,23217,906
22085,21634,-451
22708,23318,610
22894,21438,-1456
21267,22429,1162
22976,22584,-392
21776,21308,-468
21667,21955,288
22317,22517,200
21261,22763,1502
22491,22030,-461
21291,22022,731
22211,21725,-486
22207,22376,169
22024,22193,169
22285,23390,1105
21963,21692,-271
22528,21646,-882
22397,22570,173
23365,21677,-1688
22437,21977,-460
21969,22605,636
21675,22009,334
22508,22217,-291
21857,22771,914
22819,22948,129
22084,21729,-355
22291,22764,473
22068,21931,-137
23254,23808,554
22449,22586,137
22080,22640,560
22097,21541,-556
22047,21973,-74
21848,21962,114
21907,22959,1052
21291,21989,698
22952,22025,-927
21662,21282,-380
22885,22644,-241
21930,22747,817
21998,21284,-714
21975,21968,-7
22702,22904,202
22241,21686,-555
22232,24754,2522
23375,21682,-1693
22389,23340,951
21692,22882,1190
22036,22631,595
71919,36750,-35169
34974,35284,310
36949,36611,-338
36133,35454,-679
36447,36683,236
35450,35796,346
36159,36333,174
36698,37055,357
36696,36861,165
35069,36604,1535
35776,35934,158
36465,36275,-190
35867,35474,-393
35474,36266,792
35413,36587,1174
35825,36993,1168
36381,36423,42
37465,34431,-3034
35840,35141,-699
35619,35850,231
36914,35477,-1437
35842,36652,810
35399,36708,1309
35870,36240,370
36680,35963,-717
36190,36016,-174
35819,36526,707
34592,36283,1691
36462,36298,-164
36112,36917,805
36268,35547,-721
35903,36455,552
35928,35765,-163
36260,30615,-5645
23144,22712,-432
22494,22641,147
22779,23523,744
22551,22767,216
23607,22608,-999
23224,22625,-599
23481,23135,-346
23311,23893,582
23074,23190,116
22293,23157,864
23505,22353,-1152
22744,23395,651
22638,22704,66
23003,22137,-866
23932,22738,-1194
22715,22950,235
23138,23639,501
22752,22761,9
22763,23530,767
23172,22871,-301
23640,23316,-324
23150,23186,36
23595,22195,-1400
21658,22977,1319
22635,22991,356
22368,22363,-5
22995,22983,-12
23181,23071,-110
22750,22725,-25
22781,23165,384
23104,22642,-462
23497,22733,-764
22953,22628,-325
22779,23585,806
23309,23500,191
23191,22879,-312
22320,22866,546
23003,22568,-435
22355,23255,900
23024,22521,-503
23008,23161,153
23568,22711,-857
23130,23320,190
23154,22856,-298
23702,23048,-654
22731,23465,734
23478,23113,-365
22998,23622,624
22323,23473,1150
22218,22349,131
22683,23106,423
23608,22867,-741
22761,23468,707
23476,23232,-244
23191,22365,-826
23664,23134,-530
24893,21937,-2956
22856,23346,490
22729,22739,10
22757,23037,280
23456,22805,-651
22480,23195,715
23196,23529,333
22999,23506,507
22370,22459,89
23127,22769,-358
23045,22808,-237
23556,23247,-309
23031,22741,-290
22850,22868,18
22668,22786,118
23130,23011,-119
23202,23377,175
23215,22762,-453
22150,22759,609
23553,22964,-589
23051,23154,103
22929,23187,258
22693,22755,62
22182,22869,687
22831,23157,326
22678,22508,-170
22329,21743,-586
22484,23091,607
23079,23299,220
23206,22994,-212
23107,22364,-743
23031,22332,-699
22810,23083,273
22629,22749,120
22972,22980,8
23141,23159,18
23194,22769,-425
23288,22855,-433
22368,23178,810
23891,23118,-773
22385,22497,112
23532,23150,-382
23389,23147,-242
23007,23090,83
22732,22306,-426
22914,23244,330
22770,23158,388
23698,23593,-105
22465,23269,804
22535,23149,614
23108,23151,43
22809,23114,305
22404,23807,1403
23535,22604,-931
22450,23177,727
23195,22712,-483
22347,22890,543
22337,23729,1392
23200,22746,-454
23153,22913,-240
22841,22652,-189
22943,23010,67
21965,22876,911
23062,22696,-366
22983,22445,-538
23156,23440,284
22752,22323,-429
22590,23041,451
22430,22247,-183
22304,23084,780
22212,23112,900
23105,22537,-568
23621,23155,-466
23129,23150,21
23213,23406,193
22737,23143,406
23051,22311,-740
22392,22681,289
22951,22774,-177
23197,22642,-555
23145,22798,-347
22895,23016,121
23153,22759,-394
23170,23142,-28
23859,23565,-294
23618,22763,-855
22506,22309,-197
23548,22339,-1209
22147,23429,1282
22678,22774,96
23170,22289,-881
22717,22734,17
22749,22759,10
23471,23568,97
22352,23393,1041
23596,23166,-430
23147,22113,-1034
23127,22805,-322
21694,22115,421
23386,23154,-232
23119,22278,-841
22758,23088,330
23101,22419,-682
22528,22784,256
22414,22019,-395
23134,23147,13
23179,22584,-595
22341,22328,-13
22872,23291,419
23169,23268,99
23295,22340,-955
22079,22777,698
23472,23513,41
23548,22367,-1181
22307,23171,864
23044,23664,620
22088,23174,1086
22925,23513,588
23158,22767,-391
23521,22742,-779
23861,21680,-2181
23327,22670,-657
22976,23519,543
23523,23548,25
22354,22420,66
23022,23622,600
21901,23584,1683
23149,23507,358
23506,23120,-386
22916,21729,-1187
22177,23186,1009
23143,22992,-151
23117,23606,489
23146,22867,-279
23415,23142,-273
23086,22606,-480
22774,22092,-682
22533,22680,147
22762,23821,1059
22930,22767,-163
21983,23121,1138
22690,23194,504
23122,23421,299
22721,23782,1061
23533,22426,-1107
22919,22346,-573
22322,22274,-48
22811,22787,-24
22748,22380,-368
21835,22749,914
23122,22560,-562
23531,23528,-3
23539,23209,-330
22367,23438,1071
23131,21758,-1373
22648,22024,-624
23130,23073,-57
23467,23588,121
23591,23583,-8
23197,23729,532
23583,23042,-541
23451,23663,212
23158,22725,-433
22747,22721,-26
22921,22724,-197
23583,23088,-495
23150,22576,-574
22225,22774,549
22642,22329,-313
22131,23275,1144
22736,22758,22
22343,22002,-341
23169,22715,-454
23569,23607,38
23908,22890,-1018
23350,23065,-285
22733,23128,395
23126,22915,-211
23176,22734,-442
23187,22365,-822
23551,22357,-1194
23154,22545,-609
21776,22879,1103
23560,22837,-723
23317,23178,-139
23510,23468,-42
23526,22781,-745
22720,22392,-328
22131,23184,1053
23225,22734,-491
22691,23148,457
22771,23885,1114
23120,21840,-1280
22861,22859,-2
22646,22907,261
22335,22937,602
23312,22756,-556
23535,22900,-635
22247,22768,521
22985,22911,-74
22306,23533,1227
22260,23085,825
23126,23228,102
23148,23264,116
23144,22334,-810
22242,22729,487
21878,22795,917
23143,22944,-199
23072,22736,-336
23913,23187,-726
21836,23171,1335
22733,23053,320
22768,23782,1014
23434,23549,115
23209,22487,-722
23188,23289,101
23146,22796,-350
22718,23177,459
23183,22943,-240
22695,22361,-334
23570,23323,-247
22757,22298,-459
22636,23668,1032
22342,24568,2226
23508,22469,-1039
22721,22835,114
22677,23005,328
22687,22720,33
23042,23153,111
23137,22757,-380
23241,22488,-753
22760,23562,802
22367,23564,1197
23616,22619,-997
23010,22498,-512
23583,23575,-8
22797,23122,325
22357,23156,799
22709,23517,808
23096,22326,-770
22562,22376,-186
23175,22635,-540
22561,23167,606
23484,22970,-514
22760,22331,-429
23370,23618,248
23129,23466,337
22142,23116,974
23131,22775,-356
22769,23366,597
23199,23257,58
22786,22759,-27
23849,23338,-511
22892,22878,-14
23670,23023,-647
23214,21667,-1547
23551,22841,-710
23164,23376,212
22563,22473,-90
22760,23018,258
23485,22788,-697
22856,22362,-494
22362,23163,801
23199,22479,-720
22787,23279,492
22958,23460,502
22770,23143,373
23228,22752,-476
23562,23193,-369
22332,22738,406
22781,22297,-484
22782,23559,777
22717,23146,429
22698,22739,41
23124,22993,-131
22354,22339,-15
23162,22907,-255
23518,22346,-1172
23636,22551,-1085
22846,23202,356
23187,22749,-438
23082,22700,-382
23886,23577,-309
22721,23235,514
23096,22983,-113
22729,23169,440
22905,23071,166
23467,22770,-697
22310,22521,211
23046,23174,128
22506,24048,1542
23469,22768,-701
23200,22717,-483
24010,23416,-594
23198,23146,-52
23341,22598,-743
21998,22752,754
21934,23576,1642
23523,23125,-398
22753,23581,828
22791,22114,-677
23112,22609,-503
22713,22503,-210
23556,23187,-369
23175,23401,226
23224,23902,678
22768,22816,48
23434,23442,8
22780,23371,591
22918,23238,320
21994,23496,1502
22317,22860,543
22742,22955,213
23445,22478,-967
22910,23024,114
22711,22766,55
23618,22298,-1320
23560,22193,-1367
23189,23218,29
22297,21967,-330
23558,23104,-454
22847,23591,744
23390,22148,-1242
23176,22713,-463
22316,22795,479
22942,23396,454
23076,23126,50
23062,23512,450
23090,23057,-33
23559,22229,-1330
23017,23126,109
22849,23536,687
22533,22456,-77
23153,24916,1763
24382,22787,-1595
22907,23582,675
22742,23564,822
22752,23093,341
22848,22916,68
22483,23584,1101
22808,23216,408
23913,23556,-357
23697,23906,209
22808,22135,-673
22507,23188,681
22744,23962,1218
22365,22277,-88
23480,22336,-1144
23090,22101,-989
23158,22286,-872
23184,22851,-333
23207,23616,409
22715,22764,49
22750,23167,417
23440,23537,97
22797,22700,-97
23074,22841,-233
23261,23183,-78
23546,23037,-509
22730,23171,441
22369,23687,1318
23520,22714,-806
22292,22070,-222
22540,23553,1013
22721,22733,12
23528,23087,-441
23113,23411,298
22935,22337,-598
23616,23282,-334
22835,23775,940
22508,22954,446
22759,22839,80
23132,22366,-766
23588,23149,-439
23097,23270,173
22761,22802,41
23132,22178,-954
23676,23218,-458
23023,22863,-160
22887,22349,-538
23158,23987,829
22779,22856,77
22973,23462,489
23556,23370,-186
22521,23160,639
23159,22726,-433
23193,22714,-479
23618,23203,-415
23212,22896,-316
23113,22516,-597
22754,22375,-379
23806,22712,-1094
22908,22804,-104
22754,22278,-476
23519,22192,-1327
22462,22681,219
23449,23417,-32
22493,22346,-147
23191,23207,16
22724,23066,342
22304,22983,679
22717,23577,860
23137,23136,-1
22490,22866,376
22859,23156,297
22982,22795,-187
22818,23098,280
22915,22429,-486
22944,23491,547
22771,23160,389
23549,23298,-251
23002,22917,-85
22832,22593,-239
23558,22515,-1043
22422,23365,943
23126,22434,-692
23432,22965,-467
23170,22779,-391
23257,22748,-509
23085,22793,-292
22775,23258,483
22313,23120,807
22980,22895,-85
22728,22690,-38
23215,22765,-450
22871,22972,101
23442,23387,-55
23682,22041,-1641
23144,22902,-242
23178,22502,-676
23060,23585,525
22825,23848,1023
23438,23092,-346
22633,23121,488
22769,22787,18
22508,21933,-575
22514,22863,349
22937,22812,-125
23978,21748,-2230
23140,22565,-575
23401,22296,-1105
22804,23261,457
22474,23523,1049
23569,22312,-1257
23181,22593,-588
22351,22704,353
24984,23225,-1759
23553,23171,-382
22774,23165,391
23143,23215,72
22743,23578,835
23591,22371,-1220
22926,22908,-18
23138,23101,-37
22742,22878,136
23521,22147,-1374
22380,23119,739
23067,22658,-409
22785,22743,-42
23170,22752,-418
22736,22875,139
22716,23555,839
23811,23892,81
22790,22616,-174
22644,23118,474
22743,23333,590
23074,23075,1
23181,21793,-1388
23489,23129,-360
22683,23558,875
22722,23575,853
22905,23547,642
22382,23583,1201
23874,23247,-627
22279,23131,852
23138,22891,-247
23772,22318,-1454
22365,22724,359
22750,23119,369
22336,23004,668
23552,23169,-383
21975,22940,965
21753,23444,1691
23157,23179,22
22409,22003,-406
23115,22730,-385
22944,22137,-807
22353,23214,861
22782,23611,829
23554,23290,-264
23281,22431,-850
23189,22536,-653
22288,23100,812
23560,22422,-1138
23153,22804,-349
23000,23184,184
22903,23373,470
23533,21915,-1618
23133,23071,-62
22753,22306,-447
22785,23231,446
23194,22561,-633
23519,23083,-436
23615,22788,-827
22548,23766,1218
23174,22915,-259
23196,22764,-432
23435,23368,-67
22808,22684,-124
23175,23435,260
22273,22736,463
22167,21970,-197
22966,22508,-458
22345,21909,-436
22473,23589,1116
22277,22482,205
23515,22777,-738
22558,22823,265
23111,23146,35
22955,21936,-1019
22619,22510,-109
23146,22656,-490
23036,23075,39
22834,22275,-559
22703,22536,-167
23011,22978,-33
23148,23118,-30
22634,22484,-150
23865,22370,-1495
22816,23074,258
23570,22493,-1077
23573,23116,-457
23132,23094,-38
23082,22937,-145
23192,22065,-1127
23113,23310,197
22661,22796,135
23192,22053,-1139
22674,23418,744
22955,22846,-109
22787,22311,-476
22776,23190,414
22986,22711,-275
23423,23305,-118
23148,23195,47
22361,23589,1228
22580,22790,210
23142,23850,708
22176,23559,1383
23159,21909,-1250
23121,22724,-397
22935,24842,1907
24272,23468,-804
22540,23110,570
23109,22773,-336
22719,23051,332
23118,23590,472
23149,22948,-201
23247,22776,-471
23144,23484,340
21955,22801,846
22823,23554,731
22785,23217,432
22967,23143,176
22724,22780,56
22749,23153,404
23157,23063,-94
22876,22988,112
22774,23551,777
23584,23210,-374
22720,23081,361
23575,23113,-462
23149,23144,-5
22580,22775,195
23026,22954,-72
22759,22430,-329
22824,22793,-31
23554,22992,-562
23621,23155,-466
23204,22787,-417
23521,22547,-974
23581,23325,-256
23552,23066,-486
22986,22479,-507
23108,22814,-294
23146,22825,-321
22714,23441,727
23174,23186,12
23220,22618,-602
22999,23230,231
21950,23029,1079
23122,22751,-371
22218,22724,506
22673,22441,-232
23799,22735,-1064
22167,23058,891
22386,23537,1151
22787,22793,6
22461,23175,714
22299,22834,535
22710,22555,-155
22748,22790,42
22356,23017,661
22782,23558,776
23466,23515,49
23110,22777,-333
23507,23157,-350
23071,22538,-533
22514,22918,404
22812,22902,90
23116,22836,-280
22775,22782,7
23118,23095,-23
23107,24104,997
23558,23127,-431
23101,22003,-1098
22575,22498,-77
23193,23242,49
23111,21725,-1386
23105,23107,2
23165,23068,-97
23190,22778,-412
23698,22758,-940
23547,23214,-333
23194,23165,-29
22349,23490,1141
23150,23156,6
22798,22169,-629
22945,23611,666
23117,22016,-1101
23228,22754,-474
23153,22706,-447
22304,22633,329
23062,22722,-340
23233,22023,-1210
23519,23574,55
22750,23338,588
23669,22815,-854
22759,22593,-166
23188,22757,-431
23539,23456,-83
21354,22311,957
22939,23333,394
23129,22400,-729
23120,22558,-562
23124,23116,-8
23553,23065,-488
22328,22506,178
22097,23510,1413
23587,22317,-1270
22876,23623,747
22786,22699,-87
23326,23070,-256
23210,22936,-274
22940,23294,354
22814,22755,-59
23355,23199,-156
23097,23104,7
21904,22671,767
23228,23125,-103
23572,23623,51
22711,22800,89
22759,22935,176
23280,21954,-1326
22802,21720,-1082
22965,22607,-358
22191,23030,839
23090,22447,-643
22759,22916,157
24277,24369,92
23290,23101,-189
23781,22762,-1019
23121,22977,-144
21784,22632,848
23139,22860,-279
23143,22567,-576
22713,23264,551
23410,22764,-646
22154,23281,1127
23519,23360,-159
23157,22215,-942
22669,23251,582
23456,22503,-953
22344,23189,845
22417,22785,368
23746,22835,-911
22704,22835,131
22417,23151,734
23144,22170,-974
23173,22638,-535
23146,23147,1
22145,22603,458
22406,22273,-133
23070,22805,-265
22678,23225,547
23192,23214,22
23087,23424,337
23103,23531,428
23143,22543,-600
23196,22508,-688
22752,22783,31
23423,23547,124
23149,23508,359
22905,22536,-369
22708,23225,517
23835,23151,-684
22331,22767,436
23450,23025,-425
22765,22807,42
21962,23452,1490
22704,22830,126
22589,22382,-207
21868,23554,1686
23177,22953,-224
23566,22787,-779
22801,23035,234
22626,23130,504
23104,22679,-425
22397,23792,1395
22653,23827,1174
22793,23580,787
23029,23506,477
23370,21928,-1442
22750,23183,433
22827,22764,-63
22741,22542,-199
22726,23174,448
22759,23396,637
23109,23222,113
22170,22756,586
23156,23582,426
22191,23038,847
23345,23456,111
23111,22365,-746
22796,23145,349
22715,23585,870
22588,22388,-200
22211,23790,1579
22777,23262,485
23115,23262,147
23537,23579,42
23449,23308,-141
23201,23456,255
23101,22502,-599
23129,22631,-498
23151,22307,-844
23558,23078,-480
22745,22426,-319
22359,23186,827
22878,23225,347
22801,22675,-126
22527,23076,549
23154,22870,-284
23590,22810,-780
22674,22819,145
23592,23595,3
23642,23076,-566
22446,23143,697
22572,23658,1086
23541,23415,-126
23176,23202,26
22784,23084,300
22776,22658,-118
23509,23096,-413
23213,22088,-1125
23512,23074,-438
23536,23234,-302
23343,22870,-473
22698,23190,492
23020,22848,-172
22822,22748,-74
22007,23115,1108
22759,23764,1005
23137,22323,-814
22736,22715,-21
22748,23495,747
23511,21963,-1548
23182,22803,-379
23048,22974,-74
23498,22669,-829
22997,22720,-277
23638,23424,-214
22669,22856,187
22316,23214,898
23191,22770,-421
23167,23113,-54
23154,22784,-370
22822,23158,336
22747,23197,450
22127,23066,939
22400,22550,150
22940,23188,248
23158,22164,-994
23197,22894,-303
22787,22760,-27
23103,23014,-89
22713,22789,76
23460,23472,12
23143,23154,11
22983,22359,-624
22812,23220,408
21925,22883,958
23230,22975,-255
23156,22369,-787
22348,22992,644
22187,23029,842
23401,22781,-620
22365,23335,970
22831,22836,5
23177,22710,-467
22389,22872,483
23553,22551,-1002
22241,22127,-114
22105,23665,1560
22679,23748,1069
22786,22956,170
21869,21653,-216
23335,23228,-107
23464,23152,-312
23202,22012,-1190
22831,23508,677
22714,22398,-316
23112,22709,-403
22699,23586,887
23494,22711,-783
22792,22509,-283
23191,23152,-39
23394,23207,-187
22846,22407,-439
22994,22706,-288
23184,22695,-489
23498,22404,-1094
22379,22867,488
23590,23284,-306
22708,22849,141
23071,22476,-595
23203,22866,-337
22736,22616,-120
22679,22808,129
21802,23179,1377
23141,23071,-70
23050,23142,92
23545,22783,-762
23108,23509,401
22706,23535,829
23496,23462,-34
21918,23237,1319
22493,23465,972
22385,23332,947
22899,23336,437
23579,22676,-903
22485,23544,1059
23072,22871,-201
22761,23049,288
23111,23575,464
22826,22636,-190
22719,23506,787
22761,23077,316
22715,22667,-48
23148,22788,-360
22717,21858,-859
23047,22814,-233
22687,23058,371
23716,23012,-704
22272,22862,590
22404,22543,139
23041,22516,-525
23230,22854,-376
23804,23416,-388
22500,22872,372
22552,23354,802
23162,23170,8
23464,23404,-60
23055,22465,-590
22915,22954,39
23103,22750,-353
23545,22954,-591
23017,22076,-941
22674,22741,67
22372,23018,646
23149,23012,-137
23105,22786,-319
22837,23568,731
22670,23134,464
22763,22789,26
22362,22976,614
23153,23115,-38
22677,22139,-538
23194,22660,-534
22522,22799,277
22811,23498,687
23327,23396,69
24007,24799,792
22782,22445,-337
22307,23210,903
23488,22313,-1175
22721,22374,-347
23182,22878,-304
23184,22768,-416
22928,22451,-477
23106,22721,-385
23381,22902,-479
23092,22554,-538
22828,22711,-117
22858,22972,114
23187,22763,-424
22924,23153,229
22783,23150,367
23027,22571,-456
23172,22902,-270
22983,22620,-363
23146,22417,-729
21972,23191,1219
23226,23315,89
22373,22802,429
22596,23366,770
22804,23069,265
22327,23068,741
23885,22708,-1177
23500,23107,-393
23729,23107,-622
23637,22503,-1134
22688,22837,149
22762,22789,27
23160,22788,-372
23072,23545,473
23548,22521,-1027
22817,23634,817
22331,23052,721
23196,22814,-382
22712,23497,785
22597,21888,-709
22129,21505,-624
23494,22935,-559
21619,22703,1084
22629,22923,294
23594,23493,-101
22813,22977,164
23107,23170,63
23986,22345,-1641
23227,22454,-773
23113,23076,-37
23381,23299,-82
23182,22405,-777
22622,22743,121
23194,22370,-824
22401,22935,534
22902,23115,213
23164,22553,-611
22234,23046,812
22491,23073,582
23807,22400,-1407
22814,23153,339
23455,22768,-687
22751,23593,842
23070,22464,-606
22722,22979,257
22789,22576,-213
22720,23107,387
22420,22932,512
22761,23149,388
23187,23209,22
23242,22751,-491
22866,22688,-178
23238,22482,-756
22974,22929,-45
22756,22531,-225
22713,22716,3
22796,23541,745
23376,22758,-618
23012,22995,-17
22624,22343,-281
23842,23140,-702
22940,23152,212
22754,23112,358
22373,23194,821
23069,22612,-457
23107,22762,-345
23450,22673,-777
23108,22822,-286
22766,22760,-6
22773,22490,-283
22758,22826,68
23539,22268,-1271
22754,23057,303
22849,23610,761
22691,22743,52
22629,23449,820
23030,22772,-258
22638,23133,495
22892,23121,229
23556,23156,-400
22768,23621,853
22570,22632,62
23160,22172,-988
23063,23261,198
23831,23104,-727
22831,23247,416
22850,23126,276
23194,22845,-349
23022,22889,-133
22809,22253,-556
23061,22973,-88
24556,22880,-1676
22426,22465,39
22374,22132,-242
23137,23618,481
23216,22365,-851
23409,23041,-368
22728,22367,-361
23098,23536,438
23099,22510,-589
23136,22214,-922
22717,22914,197
22612,22550,-62
22664,22361,-303
23111,23627,516
22957,22829,-128
23155,23408,253
22755,24034,1279
23108,22730,-378
22758,23112,354
23069,23206,137
22711,23223,512
23509,22018,-1491
21917,22715,798
23150,23349,199
23205,22801,-404
23407,22811,-596
22544,23189,645
23141,22424,-717
22764,22952,188
22713,23058,345
23153,22581,-572
23230,22594,-636
22731,22784,53
22708,22718,10
23497,22911,-586
22494,23260,766
23192,22517,-675
23100,22625,-475
22779,23093,314
22952,22751,-201
22368,22878,510
23449,22815,-634
23485,22772,-713
23200,22967,-233
22786,23155,369
23144,23624,480
22758,23495,737
23580,22932,-648
23378,22520,-858
23297,23173,-124
23160,23163,3
22790,22759,-31
22844,22823,-21
23370,23034,-336
23144,22825,-319
22788,23679,891
22760,22660,-100
22166,23196,1030
22755,23093,338
22586,23063,477
23114,22155,-959
23004,23269,265
22713,22678,-35
22544,22844,300
22988,21991,-997
22811,22691,-120
22743,23591,848
22196,22101,-95
22752,22755,3
22703,23221,518
22796,22650,-146
22297,23493,1196
22837,23194,357
22719,22526,-193
23056,23267,211
23233,22870,-363
23592,23153,-439
22769,22487,-282
22802,23239,437
23155,23575,420
23105,22725,-380
22795,23524,729
23153,23443,290
23241,23054,-187
22793,22960,167
23241,23204,-37
22707,23310,603
23499,22710,-789
23149,23579,430
22454,22330,-124
23134,23178,44
22594,23071,477
23189,22620,-569
23036,23226,190
22402,22670,268
23210,22634,-576
23592,23718,126
22417,23137,720
23130,23130,0
23497,22213,-1284
22805,23291,486
23728,23055,-673
23501,23158,-343
22556,22532,-24
22762,22173,-589
23152,23202,50
23584,22809,-775
23334,23347,13
22812,22625,-187
23395,22654,-741
22274,22729,455
23579,23213,-366
23252,24964,1712
23841,22091,-1750
23542,22425,-1117
23117,23579,462
22987,22535,-452
23277,22179,-1098
22722,23805,1083
22547,23146,599
23428,23302,-126
23110,22738,-372
23109,23546,437
22554,22501,-53
22333,23080,747
22843,23281,438
23491,23129,-362
22763,23098,335
23306,23484,178
23058,22422,-636
23009,23145,136
22119,23094,975
22641,22836,195
22224,22270,46
22898,23380,482
23496,23102,-394
22425,22404,-21
22755,24055,1300
23933,23045,-888
22742,23144,402
22806,23463,657
23378,22762,-616
23497,22523,-974
24104,23541,-563
22761,23492,731
22770,22782,12
22365,22722,357
22765,23582,817
22787,22198,-589
23144,21487,-1657
23141,21863,-1278
23108,23003,-105
23231,23124,-107
22275,22022,-253
23023,23544,521
22325,23177,852
22790,22966,176
22668,22907,239
22804,22800,-4
22216,22198,-18
23085,23158,73
23408,21351,-2057
22412,22974,562
22428,23065,637
23462,22100,-1362
23536,22369,-1167
22992,23334,342
22412,23249,837
22036,23149,1113
23324,21993,-1331
22278,22795,517
23104,23150,46
23407,23292,-115
21959,23532,1573
22624,22958,334
22036,23510,1474
23005,22835,-170
23537,22564,-973
22731,23098,367
22796,24960,2164
23540,22715,-825
23207,23141,-66
22764,23234,470
23585,22154,-1431
23451,23232,-219
23001,23062,61
22769,23116,347
22487,22209,-278
23156,23102,-54
23021,23228,207
22672,22566,-106
22458,22760,302
23229,23811,582
23374,22771,-603
23125,22396,-729
22800,22830,30
22891,23630,739
23149,22835,-314
23402,22889,-513
23038,23846,808
23492,23499,7
23191,22495,-696
22534,23091,557
23450,23281,-169
22645,22828,183
22673,23590,917
23050,22582,-468
23545,22357,-1188
22371,22878,507
22932,22756,-176
22813,22431,-382
23474,22535,-939
23887,23157,-730
23537,23540,3
23479,23195,-284
23199,21951,-1248
23391,23023,-368
23111,22843,-268
23247,22038,-1209
23042,23027,-15
22751,22620,-131
22273,22890,617
22434,22715,281
23046,23389,343
23240,22849,-391
21912,22713,801
23283,23234,-49
22702,23072,370
23589,22898,-691
22379,22247,-132
23052,23106,54
22365,22690,325
23112,23097,-15
22665,22717,52
22804,22871,67
22779,22491,-288
23462,23238,-224
22503,22335,-168
22784,22331,-453
22799,22788,-11
23667,22507,-1160
22763,23013,250
23105,22426,-679
23101,23208,107
22775,22841,66
22806,22751,-55
23165,23047,-118
22934,22655,-279
23092,23226,134
23488,22377,-1111
22377,22330,-47
22746,22369,-377
23357,22546,-811
22472,23538,1066
22771,23445,674
23576,22755,-821
22968,23156,188
22276,22829,553
22783,23441,658
23449,22560,-889
23101,22956,-145
23578,22378,-1200
23223,23055,-168
23095,23047,-48
22925,23113,188
23149,23392,243
22580,22770,190
23526,22779,-747
23104,23529,425
23034,23578,544
22821,22711,-110
23138,23108,-30
23196,22807,-389
22427,22448,21
22652,22448,-204
22714,22333,-381
23409,22483,-926
23021,22593,-428
23104,23314,210
22855,22762,-93
22484,22806,322
22965,23017,52
22809,22285,-524
22802,22849,47
22679,23459,780
23508,23223,-285
22385,23244,859
23428,23151,-277
22631,23396,765
22720,23136,416
22962,23108,146
22769,23337,568
23155,22447,-708
23536,23474,-62
22710,22219,-491
23138,22422,-716
22390,23455,1065
22701,22790,89
22450,22780,330
23053,23485,432
22870,23094,224
23616,22426,-1190
22712,22846,134
22569,23310,741
22765,22841,76
23511,23423,-88
21942,23477,1535
22588,22301,-287
22854,22997,143
22670,22032,-638
22812,23636,824
22421,23533,1112
22259,22403,144
23036,22715,-321
23071,22477,-594
22183,22493,310
22802,22970,168
21897,22533,636
23074,22556,-518
23433,23465,32
23154,22578,-576
22850,21854,-996
22819,23148,329
23051,23350,299
22812,22373,-439
22663,23045,382
23140,22966,-174
23192,22090,-1102
22765,22374,-391
22189,22699,510
23096,23113,17
23174,23102,-72
22193,22978,785
22603,22825,222
22326,23265,939
22717,23034,317
25128,22693,-2435
22827,22942,115
21969,23833,1864
22787,22234,-553
23147,23150,3
23421,22633,-788
22820,22330,-490
22319,22785,466
22552,23131,579
22043,21950,-93
22341,22812,471
23565,22717,-848
23158,23249,91
22667,22846,179
22712,23604,892
22990,22756,-234
22274,23057,783
22811,23507,696
22752,22695,-57
22738,22605,-133
22000,22881,881
23144,22883,-261
23376,23103,-273
22815,22688,-127
23670,23544,-126
22045,23086,1041
22675,22464,-211
23094,22775,-319
23822,22715,-1107
22222,22582,360
22708,23892,1184
23148,22567,-581
22400,22865,465
22588,23406,818
22684,22225,-459
22720,22677,-43
22295,22470,175
23152,22359,-793
22380,23051,671
22493,22771,278
23157,23368,211
22962,22002,-960
23539,22171,-1368
23151,22485,-666
23582,22711,-871
23106,22515,-591
23119,23582,463
22716,22766,50
23038,23408,370
22017,23273,1256
23021,22759,-262
23280,23510,230
21847,22440,593
22452,23209,757
23171,21869,-1302
23059,23091,32
22249,22828,579
22402,22874,472
22451,23098,647
23147,22707,-440
23103,22878,-225
22764,23912,1148
22702,22380,-322
22000,23343,1343
22382,22623,241
22909,22703,-206
22888,23067,179
22799,23572,773
22762,22718,-44
23036,23559,523
23224,22640,-584
23167,23398,231
22803,22597,-206
23093,22556,-537
22569,22871,302
22682,21992,-690
23050,22952,-98
22756,22724,-32
23081,23097,16
23361,23592,231
22400,22820,420
22466,21956,-510
22868,22377,-491
22714,23360,646
23000,23043,43
22768,22808,40
23195,22336,-859
23141,23404,263
23291,22985,-306
22585,23046,461
23161,22450,-711
22329,22106,-223
23132,22404,-728
23010,22706,-304
23034,23428,394
23492,22838,-654
23448,23179,-269
23368,22963,-405
23170,23805,635
23251,22282,-969
23132,23196,64
22779,22661,-118
23877,22870,-1007
23112,23167,55
23462,22644,-818
23155,22688,-467
23066,22389,-677
22711,23218,507
22018,23092,1074
22926,22424,-502
23440,22885,-555
22854,23012,158
23514,22500,-1014
23043,22995,-48
22500,23386,886
22723,23431,708
22738,22587,-151
22350,22825,475
23488,23180,-308
22386,23423,1037
22711,22716,5
23029,23480,451
23189,23095,-94
22905,22775,-130
22784,23074,290
22340,23186,846
23837,22916,-921
23538,22909,-629
23248,23196,-52
23217,22820,-397
23517,23268,-249
23187,22963,-224
23569,23072,-497
22422,22454,32
22019,23362,1343
22340,23195,855
23196,22824,-372
23170,22970,-200
22800,23427,627
23156,22985,-171
23466,22740,-726
23253,22165,-1088
23232,23071,-161
22667,22737,70
22385,23545,1160
22391,23089,698
22852,22685,-167
22742,22058,-684
23029,22848,-181
23159,22693,-466
23401,23240,-161
23181,23174,-7
23537,23051,-486
23088,23104,16
23526,22100,-1426
22778,22710,-68
23441,23626,185
23242,22392,-850
22805,23097,292
22718,22599,-119
23838,23363,-475
23461,22394,-1067
23187,23251,64
23033,23108,75
23145,23463,318
23248,22498,-750
23201,23090,-111
23556,22966,-590
22815,23156,341
22799,22834,35
22834,22963,129
22490,23196,706
23065,22771,-294
23133,22847,-286
23129,22431,-698
23019,22594,-425
23150,23085,-65
22338,22448,110
23416,22890,-526
22855,22454,-401
22710,22784,74
22769,23092,323
23725,22752,-973
22752,23366,614
23105,23197,92
23092,22744,-348
22719,22988,269
23088,22506,-582
23142,22993,-149
22219,22962,743
22327,22847,520
22706,23256,550
23531,22826,-705
23538,22950,-588
23585,22816,-769
23327,22837,-490
23149,22908,-241
22955,22545,-410
22718,22913,195
22439,22953,514
23724,23071,-653
22493,22392,-101
23139,22775,-364
22355,22558,203
22602,22542,-60
22534,23094,560
22830,22866,36
22889,22529,-360
22771,23208,437
23038,23051,13
23114,22445,-669
22361,23117,756
22856,22474,-382
23474,22419,-1055
22601,23225,624
22838,22954,116
22648,22586,-62
22830,23537,707
23089,22441,-648
23084,22650,-434
22775,22902,127
22914,23535,621
22769,22972,203
23003,24941,1938
23830,23194,-636
23533,22433,-1100
23159,23183,24
23518,22508,-1010
22649,22022,-627
23498,22485,-1013
23138,23097,-41
22827,22870,43
23146,22596,-550
23112,23588,476
22796,23122,326
23409,22390,-1019
23629,23477,-152
23150,22538,-612
23086,22775,-311
23141,22816,-325
23616,23107,-509
22768,22923,155
22397,23287,890
22669,23764,1095
22377,22610,233
22876,22270,-606
22322,23181,859
22795,23641,846
22330,23493,1163
22250,22891,641
23370,23051,-319
23480,23101,-379
23091,22231,-860
22840,22022,-818
23638,23087,-551
23212,23622,410
23003,23133,130
22086,23531,1445
22056,23308,1252
22292,22658,366
23141,22020,-1121
22364,23144,780
23128,22923,-205
22658,23580,922
22448,22218,-230
22758,23123,365
23688,23231,-457
22834,22838,4
22610,22336,-274
23518,22701,-817
22761,22790,29
23635,23146,-489
22459,22826,367
22706,23477,771
22888,23526,638
23197,23733,536
22881,22281,-600
22731,22836,105
22460,23141,681
22841,22426,-415
22785,23599,814
23153,22365,-788
23513,23511,-2
23014,22721,-293
22782,23068,286
22239,22973,734
23452,22024,-1428
23315,23045,-270
23528,23469,-59
22783,22646,-137
23141,22912,-229
23140,23063,-77
23132,22764,-368
22777,23412,635
23095,23119,24
23254,23357,103
23222,23166,-56
22764,23141,377
23247,22835,-412
23078,23038,-40
22085,22873,788
23260,23167,-93
23177,23092,-85
22655,22698,43
22458,22542,84
22665,23020,355
22530,22690,160
22815,22862,47
23261,22749,-512
23098,22946,-152
23457,23163,-294
22550,22832,282
22539,22927,388
23730,23426,-304
23053,22092,-961
23149,23073,-76
23201,22857,-344
23153,23524,371
22159,23102,943
22909,22581,-328
23434,22917,-517
22387,22449,62
22289,22409,120
23226,22510,-716
22521,23208,687
23454,23531,77
22847,22871,24
23189,22712,-477
22838,23139,301
22444,23240,796
23260,22831,-429
22722,23515,793
22781,23092,311
21684,23038,1354
22784,23455,671
22520,23182,662
22426,23013,587
23201,22756,-445
22696,23387,691
23620,22480,-1140
23517,23471,-46
22439,22758,319
23212,22440,-772
23158,22529,-629
23330,22702,-628
22394,23528,1134
22603,22445,-158
22901,23813,912
23534,23283,-251
22885,23203,318
23153,23453,300
23095,22379,-716
22334,22370,36
23627,23088,-539
22404,22706,302
23146,22507,-639
22578,23055,477
22545,23153,608
22966,23197,231
22965,22485,-480
23085,22798,-287
22785,22129,-656
23120,23019,-101
22782,23127,345
22930,22527,-403
23140,22840,-300
23047,23107,60
22649,22504,-145
22722,22752,30
22875,23471,596
22886,22703,-183
23191,22528,-663
22350,23391,1041
23331,22525,-806
22832,22814,-18
22964,22883,-81
22675,23537,862
22559,22890,331
23202,22346,-856
23103,22147,-956
23455,23583,128
22672,22812,140
22718,22765,47
22382,23433,1051
23471,22472,-999
23089,22947,-142
23439,23933,494
23086,21990,-1096
23204,23115,-89
23257,22713,-544
23099,23018,-81
22829,22212,-617
23431,23070,-361
23592,22873,-719
22732,22014,-718
23146,23141,-5
23096,23351,255
22710,22219,-491
23204,22843,-361
23190,22786,-404
22657,22327,-330
22848,22834,-14
23089,23515,426
23536,23137,-399
22651,22746,95
23151,22627,-524
23070,23225,155
23068,22678,-390
23145,23141,-4
22664,23375,711
22845,22443,-402
23032,22694,-338
23257,22830,-427
22894,22172,-722
22385,23312,927
23091,23132,41
22657,23046,389
23473,23085,-388
23596,23131,-465
23410,23092,-318
22504,23532,1028
22276,22708,432
23134,23171,37
21952,22413,461
23617,23390,-227
23034,22721,-313
22275,23216,941
23041,22180,-861
23043,23328,285
22135,22873,738
23133,22776,-357
23240,23597,357
22737,22713,-24
23374,21757,-1617
22439,23177,738
23268,23575,307
22096,22826,730
22025,22498,473
23097,22926,-171
23048,23146,98
23013,23425,412
23094,23467,373
22405,23344,939
23533,22885,-648
23528,23134,-394
23463,23327,-136
22620,25372,2752
22890,23820,930
22896,23203,307
22698,22963,265
23149,22842,-307
22706,23385,679
22869,23267,398
22333,22599,266
23449,22651,-798
23153,22622,-531
22718,22914,196
22689,23209,520
22831,22678,-153
22582,22784,202
23059,22578,-481
23161,23462,301
22714,22777,63
22848,22942,94
22887,23144,257
23341,22295,-1046
23152,23022,-130
22839,22754,-85
22712,22736,24
23264,22814,-450
23454,22777,-677
23394,22713,-681
23231,23516,285
23127,22721,-406
22968,22845,-123
22719,22622,-97
23756,22819,-937
23588,23064,-524
22715,23589,874
22519,22840,321
23309,23080,-229
23572,22001,-1571
22781,23565,784
21978,23498,1520
22713,23085,372
22848,22993,145
23525,22878,-647
22350,22792,442
22468,22553,85
23590,23574,-16
23526,22450,-1076
23469,22820,-649
23264,22195,-1069
22988,22820,-168
23757,22107,-1650
22594,21966,-628
22347,22649,302
22627,23575,948
22821,22696,-125
23573,22768,-805
22547,22762,215
23162,22711,-451
23411,23594,183
22471,23418,947
23159,23357,198
22472,22856,384
23460,22435,-1025
23488,23305,-183
22848,23426,578
23213,22276,-937
23161,22968,-193
22571,22542,-29
23025,22890,-135
22905,23312,407
22903,22773,-130
23033,22779,-254
23613,22276,-1337
23455,23820,365
22587,23805,1218
22572,22905,333
23374,23382,8
23083,22222,-861
23269,22801,-468
23216,22671,-545
23293,23406,113
23518,23207,-311
23592,23464,-128
22856,22570,-286
23275,23114,-161
23192,23175,-17
23760,23145,-615
22273,22231,-42
23514,23057,-457
23414,23523,109
23500,22836,-664
23084,23528,444
23079,22700,-379
23112,22557,-555
22670,23185,515
23390,22617,-773
21675,23540,1865
23153,23159,6
22010,23227,1217
22654,23170,516
22709,23457,748
23092,22572,-520
23085,23571,486
23103,22724,-379
22787,23689,902
23561,22674,-887
23079,22758,-321
23646,22961,-685
23502,23830,328
22781,22626,-155
23093,23027,-66
23216,23087,-129
23008,23112,104
23224,22903,-321
23222,23288,66
23168,22892,-276
23088,23152,64
22554,22878,324
22784,22700,-84
23203,23459,256
23083,23395,312
22706,23049,343
22154,23155,1001
22713,22649,-64
22771,23256,485
22706,22804,98
23273,22476,-797
23259,22763,-496
22762,22709,-53
22489,22717,228
23195,22518,-677
22465,22520,55
23519,22905,-614
22906,22402,-504
23269,22912,-357
23465,21710,-1755
22705,22850,145
22859,22414,-445
23163,22479,-684
22850,22729,-121
23330,23115,-215
23022,22856,-166
23379,23590,211
22771,22986,215
23622,23078,-544
23628,23199,-429
23155,23152,-3
22713,22432,-281
23292,22898,-394
24037,22884,-1153
23016,23065,49
22294,23441,1147
22622,22781,159
22779,22110,-669
23298,23149,-149
22839,23594,755
23104,22885,-219
23216,23112,-104
23273,22512,-761
23136,22609,-527
23224,22923,-301
23584,23832,248
23174,23280,106
22902,22401,-501
23868,22733,-1135
23014,23143,129
23148,22524,-624
23594,23273,-321
23207,22885,-322
22783,22627,-156
23088,22896,-192
22829,23721,892
23205,22768,-437
22939,22934,-5
22341,23212,871
22576,22778,202
23588,22780,-808
23134,22853,-281
22654,23159,505
23088,22544,-544
23456,23243,-213
23511,22785,-726
22847,22822,-25
22786,23083,297
23132,23150,18
22467,23342,875
23151,22702,-449
22939,23073,134
23269,23512,243
23160,22580,-580
22850,22350,-500
22648,22719,71
23222,23366,144
22590,23461,871
22045,23206,1161
22779,23220,441
22647,22573,-74
23506,23142,-364
23148,23148,0
22718,22528,-190
22121,22410,289
23204,21931,-1273
21821,23259,1438
22903,22758,-145
23330,22930,-400
23462,22444,-1018
22590,22714,124
22898,23154,256
22351,23153,802
22599,22718,119
23523,22888,-635
22438,22549,111
23184,22217,-967
22787,24016,1229
23093,22266,-827
22733,23110,377
23082,23288,206
23796,23326,-470
22618,23066,448
23015,22910,-105
23523,23153,-370
22843,23055,212
23547,23371,-176
23051,23134,83
22652,23134,482
23766,23507,-259
23573,23218,-355
22548,23000,452
22724,23141,417
22923,23659,736
23439,22729,-710
23084,23300,216
23037,22689,-348
22832,22943,111
23208,22783,-425
22349,22556,207
23290,22785,-505
23139,22823,-316
23524,22756,-768
23018,23459,441
22849,22547,-302
23735,23671,-64
23163,23792,629
23180,23068,-112
22971,23590,619
22653,23146,493
22954,22208,-746
23013,22691,-322
22787,23626,839
22431,23208,777
22451,23333,882
23588,23145,-443
22959,23515,556
23152,23150,-2
22855,22577,-278
22863,23395,532
22487,22857,370
23198,22414,-784
23519,23073,-446
22596,23515,919
22651,22813,162
23810,23058,-752
23801,22179,-1622
23522,22386,-1136
23226,23523,297
23591,22762,-829
22781,22957,176
22964,23502,538
22418,22763,345
23222,23591,369
23572,22112,-1460
22796,23151,355
22516,23150,634
23593,22679,-914
22414,23034,620
23582,22645,-937
23264,23197,-67
23011,22461,-550
23079,23137,58
23506,23076,-430
22516,22422,-94
22504,22264,-240
23148,23156,8
22683,22842,159
22857,22393,-464
23112,23152,40
23278,22973,-305
22875,23388,513
23510,23323,-187
23232,22713,-519
22587,23820,1233
22656,23168,512
23278,22652,-626
22786,23336,550
22852,23224,372
22773,23122,349
22876,23517,641
22909,23484,575
23194,22847,-347
23189,23127,-62
22885,22422,-463
23446,23595,149
22896,22376,-520
23449,23274,-175
23582,22540,-1042
22789,22986,197
23513,23271,-242
23181,23563,382
23225,23388,163
22501,23010,509
23241,23585,344
23588,22953,-635
23219,22639,-580
23224,22832,-392
23158,22912,-246
22817,22704,-113
22787,23275,488
22066,22608,542
22804,22457,-347
22992,23066,74
23073,22833,-240
23020,23200,180
23012,23080,68
23504,22852,-652
23156,22557,-599
23215,22972,-243
22859,23262,403
22707,22302,-405
23449,22172,-1277
23224,23121,-103
23812,23058,-754
22612,22788,176
23152,22108,-1044
23453,22589,-864
22499,23166,667
23592,23183,-409
22419,23120,701
22885,23591,706
23504,22724,-780
23286,23547,261
23516,22490,-1026
23259,22222,-1037
23057,23796,739
21905,23157,1252
23155,23269,114
23147,23353,206
23159,23071,-88
23142,23196,54
23456,22281,-1175
22155,23115,960
23080,23230,150
23149,22872,-277
22788,22533,-255
23449,23340,-109
23464,22864,-600
22670,22694,24
23124,23097,-27
22788,23084,296
23595,23592,-3
22790,22618,-172
23518,22865,-653
23071,22834,-237
22860,22532,-328
22438,23064,626
22741,21888,-853
23191,21743,-1448
22776,22753,-23
23220,23502,282
23081,22354,-727
23189,22173,-1016
23503,22982,-521
23226,23466,240
23217,23084,-133
22647,23198,551
23153,22234,-919
23451,22839,-612
22852,22911,59
23445,22360,-1085
23342,22354,-988
23088,22733,-355
22954,22789,-165
23124,23212,88
22652,22900,248
22824,22484,-340
23576,23094,-482
23428,21908,-1520
22936,22507,-429
22428,22458,30
22861,22901,40
23353,23015,-338
23267,23121,-146
23446,22543,-903
22707,23192,485
22774,22527,-247
23449,23082,-367
22424,22855,431
22938,21947,-991
22716,23444,728
22844,23200,356
22798,23180,382
22782,23337,555
23147,23589,442
23190,22395,-795
23536,23270,-266
23425,23571,146
23160,22620,-540
22394,23156,762
22355,23791,1436
23146,23440,294
23094,22919,-175
22498,23154,656
23353,22654,-699
23158,23223,65
23591,23158,-433
22816,22240,-576
22572,23424,852
22631,23132,501
23166,23176,10
23226,23147,-79
22923,23147,224
23460,23567,107
22077,23157,1080
23335,23000,-335
23133,22816,-317
22421,22956,535
23647,23164,-483
22704,23199,495
22806,23347,541
23022,23451,429
22847,22798,-49
23073,22396,-677
22490,23358,868
23576,23460,-116
22417,23060,643
22646,23223,577
22915,23227,312
23082,23571,489
22777,23625,848
22806,22850,44
23486,23881,395
22490,22520,30
22896,23267,371
22721,23234,513
22846,22371,-475
23276,22791,-485
22635,23203,568
22919,23297,378
22542,24656,2114
24935,23151,-1784
22852,23206,354
22535,22981,446
23105,23518,413
23137,22874,-263
23621,23222,-399
23513,22772,-741
22476,23417,941
22498,22905,407
23507,22927,-580
23135,23359,224
22356,23273,917
22788,22914,126
23545,22165,-1380
22661,23118,457
23150,23550,400
23067,22791,-276
22899,23832,933
22264,22834,570
23207,22790,-417
23006,23203,197
22928,22071,-857
22455,23229,774
23547,22979,-568
22996,23202,206
23146,22954,-192
22720,23342,622
22705,23284,579
22533,22556,23
22637,23047,410
22842,22832,-10
23449,23063,-386
23514,22703,-811
23150,22795,-355
23014,23370,356
22692,22470,-222
23303,22960,-343
23084,23006,-78
22792,22472,-320
22894,23450,556
22461,23567,1106
23062,23174,112
22718,22802,84
22863,22697,-166
23374,23523,149
22345,22718,373
22692,22426,-266
23038,22592,-446
23427,23349,-78
23449,22588,-861
22355,22911,556
22870,23234,364
22824,23151,327
22722,23738,1016
23074,23499,425
23520,23217,-303
23192,22831,-361
22626,23131,505
22842,23800,958
22857,22499,-358
23502,22836,-666
23350,22894,-456
22654,22517,-137
23385,22425,-960
22516,23260,744
23227,23159,-68
22855,23188,333
22058,23012,954
23357,23081,-276
22613,23711,1098
23270,23521,251
23436,23006,-430
22522,23171,649
22840,22193,-647
23229,23496,267
22710,23149,439
22785,22714,-71
23199,22424,-775
23583,22375,-1208
23005,22797,-208
23087,23438,351
22710,22914,204
23146,23715,569
23135,23023,-112
23517,22884,-633
22720,23347,627
22724,23026,302
22996,23573,577
23157,23275,118
23150,22149,-1001
22644,23061,417
23151,22713,-438
22358,23870,1512
23000,22860,-140
22806,22863,57
23295,23123,-172
23088,23304,216
22815,23099,284
22697,23144,447
22526,23159,633
23147,23291,144
22568,22907,339
23159,22807,-352
22643,22284,-359
23029,23088,59
22790,23305,515
23078,23031,-47
23082,23412,330
22820,22841,21
23275,23086,-189
24833,22990,-1843
23029,22541,-488
23650,22817,-833
22638,22682,44
23808,23444,-364
23196,23656,460
22715,23559,844
22277,23073,796
23574,22430,-1144
23513,23040,-473
22792,23129,337
23367,22868,-499
22542,22914,372
23156,23156,0
23438,23470,32
23125,22568,-557
23491,23076,-415
22586,22687,101
22792,23133,341
22689,23441,752
22790,22641,-149
22848,23591,743
23080,23074,-6
23433,23232,-201
23501,23369,-132
23147,23229,82
23439,23231,-208
22903,23503,600
23150,23169,19
23208,22585,-623
23342,23429,87
23333,23088,-245
21831,22774,943
23220,22724,-496
23222,23291,69
23082,23504,422
23601,22449,-1152
22533,22911,378
23565,23621,56
23298,23296,-2
22706,23437,731
22542,23413,871
22593,23518,925
23222,23575,353
22881,23396,515
23644,22854,-790
23198,22439,-759
23232,23274,42
22728,22487,-241
23153,22858,-295
23610,23238,-372
22768,22926,158
23068,22575,-493
23306,23706,400
23011,23391,380
22322,23213,891
22072,23283,1211
22510,22854,344
22672,23036,364
23419,23261,-158
22422,22810,388
23585,23360,-225
23571,22998,-573
22958,23256,298
23082,22902,-180
23133,22551,-582
22785,23150,365
23211,23397,186
23215,23078,-137
22757,23134,377
23674,22974,-700
23149,23008,-141
23592,22504,-1088
22778,23081,303
23592,23718,126
22655,22776,121
22704,23573,869
23226,22805,-421
23522,23230,-292
23095,23233,138
22884,23590,706
22211,23343,1132
23152,23235,83
22857,23503,646
23143,22493,-650
23237,23005,-232
22767,23113,346
22968,22476,-492
22113,23126,1013
22700,21723,-977
22721,22780,59
22369,23182,813
22995,22121,-874
22722,23812,1090
23293,23578,285
22863,23008,145
22929,22529,-400
23510,22825,-685
23781,22922,-859
22434,22889,455
22714,22926,212
23364,23335,-29
22693,23147,454
23573,23835,262
22588,23800,1212
23286,23236,-50
23152,23036,-116
23371,22638,-733
22839,23359,520
23029,23002,-27
22913,23198,285
23155,22782,-373
25480,22284,-3196
23151,22642,-509
23286,22854,-432
22933,22512,-421
23222,22836,-386
22818,23646,828
22805,23357,552
23205,22870,-335
22793,23689,896
22998,22956,-42
23442,22198,-1244
22764,23047,283
23231,22870,-361
22861,23091,230
22995,23723,728
23485,22734,-751
23318,23067,-251
23284,23651,367
23433,22787,-646
22989,23386,397
23853,23443,-410
23116,23776,660
23648,22748,-900
23159,22437,-722
23298,23047,-251
22652,22508,-144
22869,23747,878
21993,21992,-1
22441,23509,1068
23080,22976,-104
22927,22628,-299
23439,23054,-385
23357,23411,54
23510,23422,-88
22867,22721,-146
23076,22747,-329
23437,22568,-869
23366,22775,-591
22188,22866,678
22862,23463,601
23155,21991,-1164
22638,23056,418
22880,22616,-264
22779,23074,295
22852,22473,-379
23153,22925,-228
22765,22802,37
23238,23564,326
23147,23289,142
22725,22966,241
23231,23161,-70
23509,23657,148
22497,22630,133
23377,23519,142
23584,23038,-546
22978,22908,-70
22686,22896,210
22865,22869,4
23136,22775,-361
21992,23154,1162
22874,23152,278
22717,23158,441
23449,23629,180
22225,22398,173
23591,22498,-1093
22866,23230,364
22563,23002,439
23076,22874,-202
22790,22814,24
23005,23374,369
23278,23074,-204
22995,23207,212
23816,23199,-617
22793,23342,549
22440,23592,1152
23131,22965,-166
22810,23508,698
23134,22259,-875
23142,22804,-338
23069,23220,151
23515,23303,-212
21814,23147,1333
22536,22782,246
22731,23148,417
23440,22671,-769
23129,22070,-1059
22429,23573,1144
23289,23580,291
22269,23083,814
22723,22605,-118
22554,22155,-399
23604,23069,-535
23416,22671,-745
22939,23597,658
23598,22809,-789
22862,22544,-318
25076,22326,-2750
23519,23237,-282
23734,22660,-1074
22824,22592,-232
23509,22706,-803
22286,21927,-359
22915,23107,192
23100,23505,405
23226,22853,-373
23097,22544,-553
21734,22428,694
22995,23590,595
22520,22757,237
22747,22268,-479
22860,22737,-123
22439,23156,717
22878,23144,266
22655,23154,499
22999,23213,214
23212,23582,370
22824,22935,111
21650,23517,1867
22793,22717,-76
22501,23190,689
23150,23215,65
22795,22777,-18
22888,22644,-244
23604,23521,-83
23957,23510,-447
23453,23183,-270
22637,23239,602
23422,23110,-312
22720,23673,953
23454,22566,-888
23552,23417,-135
23081,23207,126
22854,23490,636
23284,22708,-576
22843,23228,385
22871,23156,285
23128,22868,-260
22574,23026,452
22571,23265,694
23159,22907,-252
23903,23410,-493
23006,23243,237
22934,23873,939
23558,23346,-212
22835,22674,-161
23517,22869,-648
22562,23075,513
22919,22744,-175
22572,23436,864
22890,23453,563
22042,22258,216
23127,23002,-125
23845,23004,-841
23586,23517,-69
23245,22958,-287
22467,23229,762
23378,23089,-289
23079,23381,302
23232,22942,-290
23392,23076,-316
23515,23074,-441
23176,23201,25
24196,22760,-1436
22741,23086,345
22341,23237,896
23151,22631,-520
22769,22982,213
22846,23090,244
23229,23157,-72
23227,22629,-598
23215,22572,-643
23154,22913,-241
23451,23492,41
23146,23079,-67
22898,23448,550
22833,22982,149
23231,22392,-839
23083,22359,-724
23051,22162,-889
23233,23003,-230
23471,22200,-1271
23431,23514,83
23229,23065,-164
22729,23208,479
22808,23479,671
22855,23097,242
23519,23234,-285
23498,22397,-1101
22548,22377,-171
22759,23296,537
23076,22667,-409
22988,22875,-113
23075,22419,-656
22854,22307,-547
22774,22870,96
23232,22345,-887
23062,22860,-202
23055,22795,-260
23147,22631,-516
22937,23504,567
23140,22440,-700
23158,22949,-209
23203,23109,-94
22797,22496,-301
23156,23079,-77
22532,22304,-228
23570,23034,-536
22271,23504,1233
22231,22925,694
23069,23486,417
23126,23073,-53
23230,23231,1
23223,22846,-377
22498,23504,1006
22743,22687,-56
22712,22891,179
23499,22853,-646
23427,22774,-653
23578,22536,-1042
23505,23794,289
22976,23147,171
23077,23873,796
23963,24864,901
23010,22301,-709
23392,23636,244
22442,22628,186
22789,23425,636
23341,22845,-496
23515,23586,71
23284,22867,-417
23271,22611,-660
23505,22368,-1137
23215,22857,-358
23154,23225,71
23071,23268,197
23201,23197,-4
22133,22871,738
23282,23704,422
22630,23634,1004
23156,22178,-978
23232,23596,364
22891,23157,266
23059,23044,-15
23589,23172,-417
23567,23143,-424
23033,23406,373
22435,23080,645
23139,22620,-519
22942,22602,-340
23244,22892,-352
22935,22672,-263
22682,23549,867
22863,22653,-210
23081,22295,-786
22510,23429,919
22135,23087,952
22721,23595,874
22891,22995,104
23357,22404,-953
23285,23393,108
22299,23282,983
22958,23401,443
22683,23276,593
23519,23342,-177
23226,23158,-68
23428,23155,-273
23075,23158,83
22950,23335,385
23075,23120,45
23018,22378,-640
23126,22797,-329
23159,23166,7
23157,23304,147
23327,23166,-161
22981,23429,448
23156,22503,-653
23431,23152,-279
23213,23007,-206
23222,23002,-220
23234,22277,-957
23524,23002,-522
22357,23025,668
23189,23495,306
23874,22337,-1537
22281,23382,1101
22057,22637,580
22507,23228,721
23505,23148,-357
23547,23531,-16
22754,22206,-548
23426,22680,-746
23506,23506,0
23070,22721,-349
22797,22129,-668
23155,23171,16
23153,23420,267
22890,22769,-121
22795,23007,212
22072,22876,804
23509,22704,-805
22983,22733,-250
23048,22780,-268
22761,23307,546
23513,22443,-1070
23352,22819,-533
23051,22944,-107
22523,22662,139
23512,23426,-86
22528,22774,246
22721,23250,529
23067,23155,88
23150,23037,-113
22440,23600,1160
23265,23429,164
23466,22939,-527
22671,22541,-130
23429,22874,-555
23586,23157,-429
22451,23097,646
23147,22392,-755
22786,23867,1081
23213,23655,442
22449,22848,399
22939,22542,-397
22554,22583,29
23264,23029,-235
23185,22876,-309
23312,23317,5
23153,22981,-172
23513,22694,-819
23085,22949,-136
23151,22944,-207
23290,23491,201
22878,23190,312
22810,22137,-673
23146,23074,-72
23714,22666,-1048
23047,22815,-232
23127,23077,-50
23132,22283,-849
23077,23226,149
23512,23235,-277
23002,23506,504
23235,22531,-704
22802,23312,510
23313,22830,-483
22862,22727,-135
23036,22772,-264
23237,23161,-76
23400,22639,-761
23417,23255,-162
23021,23180,159
23428,23149,-279
23071,22887,-184
23240,23302,62
22640,23236,596
23065,22850,-215
22339,23245,906
23343,23593,250
23126,22888,-238
22581,22490,-91
23318,23149,-169
23145,23155,10
23577,22306,-1271
22999,22783,-216
23301,22558,-743
22890,23330,440
22886,23300,414
22992,23236,244
23235,22986,-249
23149,23010,-139
23560,23064,-496
23295,22801,-494
22687,22592,-95
23237,23930,693
22800,23333,533
23498,22853,-645
22530,21656,-874
23556,23579,23
23659,22181,-1478
22582,23239,657
23509,23426,-83
22709,22790,81
22940,23073,133
23362,23508,146
22989,22923,-66
23148,22529,-619
23571,22616,-955
23063,23505,442
23210,22541,-669
22074,23228,1154
23429,23199,-230
22862,22283,-579
23070,22874,-196
22737,23571,834
23072,23505,433
22475,22169,-306
23071,22789,-282
23593,23077,-516
22764,22800,36
22855,23489,634
22298,22687,389
22536,23511,975
23334,22784,-550
22743,23147,404
23417,23012,-405
22801,22801,0
22803,23231,428
23153,23433,280
23372,23297,-75
23223,23321,98
22990,21956,-1034
22776,22449,-327
22864,23449,585
22866,23242,376
22822,22725,-97
23592,22363,-1229
22798,23493,695
22766,22687,-79
23414,22882,-532
23153,22370,-783
23223,23159,-64
23302,22996,-306
23416,22648,-768
22961,23748,787
22755,23150,395
23232,22881,-351
23003,22509,-494
22350,22699,349
22731,22959,228
22720,23172,452
22541,22055,-486
23592,22711,-881
23245,22607,-638
23356,22785,-571
22872,23088,216
22801,22886,85
22717,22952,235
23239,22630,-609
22928,23075,147
22658,22965,307
23479,23249,-230
23181,22497,-684
23161,23144,-17
23418,24905,1487
24328,23363,-965
23428,23538,110
22986,22457,-529
22730,22578,-152
23154,22922,-232
22978,22638,-340
23870,23700,-170
23064,23356,292
23236,23590,354
22999,23414,415
23087,23633,546
23124,23238,114
23348,23478,130
22717,22401,-316
22975,22200,-775
22631,22515,-116
23199,22973,-226
22449,22918,469
23574,23415,-159
23275,22678,-597
23713,22713,-1000
23413,22980,-433
22537,23214,677
23413,23157,-256
24042,22784,-1258
23724,23302,-422
22877,22846,-31
23188,23287,99
22706,23301,595
23155,22401,-754
22868,22647,-221
23335,22554,-781
23374,22357,-1017
22958,23419,461
22583,22434,-149
23435,22522,-913
23282,22808,-474
23536,23179,-357
23491,22808,-683
23509,23156,-353
22851,22733,-118
23320,23239,-81
23433,23148,-285
22767,22423,-344
22446,22820,374
22804,22533,-271
23572,23510,-62
23026,23307,281
23234,22494,-740
22468,23152,684
23341,23040,-301
23240,23752,512
22364,23106,742
22711,22103,-608
22944,22868,-76
22853,23318,465
22793,23156,363
23198,23238,40
23495,23496,1
23012,23434,422
22635,23079,444
23493,22940,-553
23066,23067,1
22908,23312,404
23077,23065,-12
23209,23422,213
23192,22865,-327
23159,22909,-250
23155,22562,-593
23216,23599,383
23345,23496,151
22723,23411,688
23066,22506,-560
23500,22904,-596
22882,23347,465
23496,22306,-1190
22800,22371,-429
23540,22992,-548
23150,22981,-169
23151,23148,-3
22887,23415,528
22784,23261,477
23090,23066,-24
22717,23630,913
23556,22967,-589
23240,23071,-169
22635,23641,1006
22935,23701,766
22372,22791,419
23039,23072,33
22716,22784,68
23152,23244,92
23270,22592,-678
23118,23197,79
23480,22612,-868
22802,22774,-28
22875,22597,-278
23167,23658,491
23511,23037,-474
23098,22480,-618
22982,23315,333
22334,22861,527
23570,22420,-1150
22709,23129,420
23346,23323,-23
23145,23497,352
22524,23241,717
22480,22507,27
23151,22956,-195
23220,23743,523
22465,23072,607
23155,23155,0
23151,22429,-722
23018,22625,-393
23338,22862,-476
22163,22109,-54
23518,23061,-457
22656,22542,-114
22716,23156,440
23158,23248,90
23040,22872,-168
23048,22575,-473
23577,22544,-1033
22655,22912,257
23498,23012,-486
23416,23186,-230
22471,23089,618
22368,23145,777
22885,23071,186
22546,23058,512
22854,23502,648
23233,23252,19
23075,23335,260
21976,23745,1769
22568,22583,15
22330,23162,832
22887,23361,474
23113,22797,-316
22559,23361,802
22618,22799,181
22454,23406,952
23454,23271,-183
22633,22847,214
23340,22557,-783
23543,23246,-297
22804,23293,489
23164,22560,-604
22533,22824,291
23648,22660,-988
22124,23428,1304
22455,22158,-297
22510,23391,881
22868,22948,80
23083,22628,-455
23730,22537,-1193
22986,23082,96
23482,23068,-414
22458,23306,848
22819,23159,340
22416,23565,1149
22460,23055,595
23417,23247,-170
22754,23401,647
22280,22872,592
23645,23211,-434
22280,22932,652
23596,23509,-87
22014,22979,965
22891,22103,-788
22889,22966,77
23223,23250,27
22759,22857,98
22584,23068,484
22815,23346,531
22970,22722,-248
21642,23510,1868
23244,22628,-616
23149,22787,-362
23595,22917,-678
23066,23228,162
23239,22588,-651
23078,22461,-617
23652,22385,-1267
23219,23703,484
23249,22985,-264
23412,23066,-346
22974,22968,-6
23119,23062,-57
23231,22970,-261
22724,23234,510
23151,23584,433
22710,23691,981
23171,23067,-104
23235,23572,337
23243,22784,-459
23218,23005,-213
22973,23067,94
23413,22683,-730
22808,22588,-220
22794,22874,80
22988,23133,145
22309,22718,409
23467,23319,-148
23056,22356,-700
22966,23162,196
23124,23315,191
23067,23170,103
22713,23530,817
22812,23164,352
23122,22579,-543
23148,23076,-72
23496,23217,-279
23156,22721,-435
23080,23156,76
22872,23343,471
22801,23312,511
22687,22895,208
22673,22801,128
22723,23016,293
22828,22447,-381
22998,23253,255
22966,23095,129
25407,23668,-1739
23506,22893,-613
22870,23775,905
23173,22590,-583
22026,22845,819
23389,22843,-546
23498,23235,-263
23214,22746,-468
23295,22828,-467
23150,22789,-361
23407,22894,-513
22545,23106,561
23134,23659,525
22889,22704,-185
23001,23588,587
23424,23038,-386
22806,22530,-276
23148,22650,-498
23215,23208,-7
23173,23078,-95
23116,22659,-457
22927,22868,-59
23583,22659,-924
23063,22409,-654
22963,23468,505
23696,23142,-554
22984,22967,-17
23048,23125,77
22888,23330,442
23569,22585,-984
23042,22900,-142
23430,22980,-450
23433,22341,-1092
22963,23293,330
22986,23229,243
22876,23490,614
22619,22802,183
22788,23284,496
22577,23209,632
22635,22721,86
23057,23505,448
23459,23157,-302
22988,22604,-384
23059,23219,160
21949,22466,517
23444,22706,-738
22720,23162,442
23059,23241,182
23256,23500,244
23068,23477,409
22784,21971,-813
23300,23561,261
22821,22938,117
22883,22760,-123
23062,23270,208
22808,23144,336
23185,23334,149
22580,22803,223
22804,23593,789
23064,23204,140
22854,22366,-488
22300,23469,1169
23220,23056,-164
22897,23412,515
22916,22799,-117
23216,23113,-103
22464,22662,198
22526,22956,430
23205,22712,-493
23219,22178,-1041
22702,23585,883
23240,23280,40
23421,23470,49
23714,22076,-1638
22474,22698,224
22529,23661,1132
23418,22853,-565
23338,23060,-278
23143,23991,848
23236,22592,-644
23333,22951,-382
23503,23273,-230
23502,22636,-866
22596,23063,467
23421,22895,-526
23237,22949,-288
23501,23169,-332
22360,23413,1053
22925,22979,54
23241,22882,-359
23241,22244,-997
23124,23050,-74
23410,23201,-209
23797,23148,-649
23330,22638,-692
23523,23154,-369
23103,22342,-761
22969,23126,157
22808,23436,628
22719,22462,-257
23057,23572,515
22789,23112,323
22869,23010,141
23133,23497,364
22875,23137,262
22919,23223,304
23255,22552,-703
23359,22809,-550
22717,23562,845
23004,23169,165
23226,22692,-534
23569,23412,-157
22966,22713,-253
23181,23589,408
23574,22579,-995
22314,23312,998
22392,23155,763
23199,22525,-674
23788,22824,-964
22118,23645,1527
23376,23247,-129
22876,23213,337
22977,22462,-515
23869,22823,-1046
22551,23237,686
23305,23226,-79
23031,22984,-47
23698,22697,-1001
23060,23060,0
23331,23580,249
23053,23147,94
22926,22379,-547
22634,23490,856
23040,22595,-445
23311,23463,152
23050,23356,306
23575,22800,-775
22516,23195,679
22810,22702,-108
23550,22916,-634
22986,22900,-86
23309,22476,-833
23136,22864,-272
23154,23439,285
23395,23411,16
22960,23063,103
22940,22832,-108
22700,23250,550
23573,23342,-231
23214,22712,-502
23077,23083,6
23281,23129,-152
23208,22715,-493
23662,23986,324
22968,23976,1008
23237,22946,-291
23232,22844,-388
23158,23465,307
23568,23399,-169
23308,23152,-156
22418,23492,1074
23252,23407,155
22804,22904,100
23410,23494,84
23188,22946,-242
22274,23166,892
22992,22330,-662
23301,23156,-145
23031,22762,-269
22500,23167,667
23142,23430,288
22660,23407,747
23711,22965,-746
23267,23539,272
23076,23590,514
23495,23308,-187
23146,23291,145
23302,23012,-290
23157,23271,114
22720,23154,434
23428,23592,164
22913,23447,534
23075,22687,-388
23062,22925,-137
22659,22618,-41
22462,23186,724
23485,22842,-643
23495,22502,-993
22369,22639,270
23396,23491,95
22883,23117,234
23017,22719,-298
23547,23033,-514
22903,23246,343
22124,23245,1121
22807,23130,323
22945,23149,204
22325,23180,855
22860,23371,511
23034,23241,207
23140,23144,4
23398,22470,-928
23270,22756,-514
23241,22467,-774
23567,22618,-949
23846,22721,-1125
22974,23162,188
22685,22975,290
23150,22680,-470
22980,23126,146
23120,22608,-512
22538,23076,538
23153,22959,-194
23153,23357,204
23154,22813,-341
22806,21915,-891
23146,22305,-841
22715,23584,869
22622,23119,497
23379,22904,-475
23734,23623,-111
23306,23000,-306
25988,22738,-3250
22470,23245,775
22964,22779,-185
23323,23104,-219
23566,23574,8
23238,22495,-743
22902,23052,150
23246,23499,253
23061,23062,1
23239,22791,-448
23190,22808,-382
22967,22723,-244
23065,22620,-445
23050,23190,140
23063,23056,-7
23783,22902,-881
23155,22126,-1029
23470,22636,-834
23222,22668,-554
22808,23748,940
23074,23145,71
22900,22465,-435
23021,23663,642
23203,22984,-219
23203,23723,520
23153,22984,-169
23217,22974,-243
23046,23411,365
23060,22805,-255
23309,23146,-163
22548,23157,609
23568,22760,-808
22970,23127,157
23260,23011,-249
23499,23243,-256
23225,22942,-283
22896,22237,-659
22463,22920,457
22810,22806,-4
23152,23205,53
22562,23510,948
22723,23576,853
22693,23612,919
23245,22699,-546
22715,23140,425
23501,23592,91
22631,23333,702
23244,22504,-740
23325,22789,-536
22614,23123,509
23063,23236,173
23455,22815,-640
23285,23165,-120
22833,23100,267
23336,23501,165
22910,22955,45
23148,23875,727
22136,23893,1757
24046,23505,-541
23153,23059,-94
22937,23153,216
23769,22725,-1044
22721,22987,266
22141,22791,650
23258,22702,-556
23141,23504,363
23028,23370,342
23768,23062,-706
22675,23267,592
22777,23155,378
22521,22498,-23
22907,23382,475
22758,23478,720
22891,23122,231
23076,22625,-451
23226,23240,14
22719,22904,185
22776,23311,535
22274,22908,634
23786,23131,-655
23146,22888,-258
23250,23244,-6
23000,23306,306
22522,22727,205
22791,22982,191
23483,23564,81
22602,23397,795
22721,23825,1104
22792,22809,17
23526,23134,-392
23167,23552,385
23055,23294,239
22813,23315,502
22902,23263,361
23134,22447,-687
22895,23179,284
22791,22138,-653
23759,23154,-605
23064,23470,406
22900,22766,-134
22817,23063,246
22891,22890,-1
23255,22927,-328
23112,23070,-42
23138,22709,-429
22904,22817,-87
23251,22465,-786
23153,22376,-777
23053,22880,-173
22914,22791,-123
22711,22880,169
23455,23269,-186
22805,22558,-247
22787,23248,461
23152,22622,-530
22814,22758,-56
23305,22695,-610
23307,23012,-295
22878,23156,278
23258,22690,-568
22538,23324,786
22457,22613,156
23041,23323,282
22903,23210,307
23155,23635,480
22723,23097,374
23165,23060,-105
23573,23063,-510
23256,23050,-206
21980,22548,568
22968,23395,427
22526,22716,190
23088,22696,-392
23496,22629,-867
23399,22530,-869
23216,22811,-405
23398,23526,128
23376,22730,-646
23104,22362,-742
22300,22920,620
22645,22766,121
23201,23494,293
23377,22711,-666
22109,22465,356
22379,22405,26
22503,23505,1002
23298,23418,120
23577,23582,5
23057,23425,368
23768,22489,-1279
22746,22793,47
22705,22876,171
23157,23334,177
22791,23137,346
22793,22936,143
23256,23322,66
22788,22468,-320
23054,23151,97
22573,23491,918
23675,22611,-1064
23321,22361,-960
23771,23246,-525
22833,23596,763
22720,22594,-126
23408,22807,-601
23134,23051,-83
23052,23441,389
22867,23579,712
23215,22509,-706
22842,22741,-101
22578,23157,579
23462,23175,-287
22315,22622,307
22841,23125,284
23044,22399,-645
23225,23187,-38
23228,22233,-995
23495,23148,-347
22740,22987,247
23469,22976,-493
23247,22911,-336
22572,22126,-446
22792,23317,525
22904,23080,176
23669,23485,-184
22471,22490,19
23054,22371,-683
22951,23092,141
22774,22714,-60
23154,23303,149
23195,22874,-321
23180,23458,278
23502,23005,-497
22887,22886,-1
23059,23325,266
22696,23305,609
23057,23231,174
23086,23580,494
23423,22622,-801
23498,22813,-685
23130,23316,186
23034,22970,-64
23569,23054,-515
22992,23069,77
23105,23038,-67
22732,22787,55
22132,23933,1801
23149,23168,19
23079,23054,-25
23515,22964,-551
23154,23501,347
23207,23846,639
22902,22792,-110
22848,22810,-38
22716,23059,343
22690,23606,916
22635,22855,220
22917,22807,-110
23064,23159,95
22898,22717,-181
22937,23204,267
23203,23485,282
22889,25588,2699
23518,23129,-389
23665,23201,-464
23128,23659,531
22816,23121,305
23337,22710,-627
22654,22821,167
23473,23156,-317
23223,23175,-48
22605,23123,518
22537,23156,619
23435,23093,-342
22373,22948,575
22720,22230,-490
22714,23097,383
22818,23244,426
22727,23324,597
23413,22473,-940
22809,23321,512
23237,23296,59
23464,22815,-649
22896,22848,-48
23474,22584,-890
23351,23324,-27
22375,23311,936
22774,23457,683
22580,23182,602
22739,23664,925
22804,23375,571
23939,22712,-1227
22669,23675,1006
23475,22236,-1239
23568,22530,-1038
22788,22677,-111
22979,22960,-19
23334,23037,-297
23487,22714,-773
22916,22483,-433
22822,22729,-93
22622,23244,622
23554,22477,-1077
23487,23569,82
23450,22687,-763
22982,23253,271
23427,22852,-575
23485,22981,-504
23331,22767,-564
23565,23054,-511
22715,23327,612
22916,23494,578
23306,23051,-255
22900,23935,1035
22554,22809,255
23561,23328,-233
22819,22307,-512
23050,23177,127
22519,23246,727
23186,22595,-591
23151,23185,34
23311,23264,-47
22815,22908,93
22795,22276,-519
23740,22709,-1031
23391,22349,-1042
22913,23377,464
23568,22776,-792
23157,23155,-2
22993,23282,289
23322,22362,-960
23588,23435,-153
22867,22609,-258
23318,23487,169
22976,22685,-291
23580,22915,-665
23024,23715,691
22911,22707,-204
22809,23038,229
22914,22614,-300
23068,22662,-406
22957,23390,433
23258,22475,-783
22909,23257,348
23131,23567,436
22782,23416,634
23600,22918,-682
22903,22366,-537
22608,23436,828
22719,23302,583
23293,23251,-42
22718,22658,-60
22814,22955,141
23523,23494,-29
23322,23606,284
22841,23214,373
22635,23460,825
22993,22658,-335
22141,23819,1678
22717,23251,534
22718,22760,42
23232,22471,-761
23237,23169,-68
23489,22806,-683
22814,23389,575
22384,22897,513
23461,23154,-307
23252,23566,314
23161,22815,-346
23132,23250,118
23574,23039,-535
23249,22863,-386
23864,23574,-290
22634,22251,-383
23002,23623,621
23570,22073,-1497
22751,22705,-46
23178,23193,15
23249,22694,-555
22576,22962,386
22995,23079,84
22397,22963,566
23161,22432,-729
22962,23471,509
23728,22138,-1590
23473,23020,-453
23330,22545,-785
22382,22346,-36
23233,23700,467
22904,23445,541
23050,22695,-355
22912,22952,40
22965,22721,-244
23710,22257,-1453
22820,22911,91
22817,22820,3
23342,22897,-445
23451,23306,-145
22908,22840,-68
23004,22744,-260
22964,22815,-149
22994,22713,-281
23586,22816,-770
23389,23557,168
22958,22705,-253
23323,22719,-604
22376,23093,717
22919,22235,-684
23527,23256,-271
23448,23032,-416
23193,23090,-103
23481,23320,-161
23424,22493,-931
23244,23591,347
23051,23018,-33
23124,23483,359
23591,23149,-442
22522,23257,735
23340,22938,-402
23158,23487,329
23234,22914,-320
22776,22818,42
22988,23319,331
22721,22693,-28
22586,22914,328
22992,22827,-165
23491,22975,-516
22828,23259,431
23053,22666,-387
22857,22981,124
22681,22342,-339
22472,22581,109
23295,23427,132
23698,23493,-205
23603,23212,-391
23587,23055,-532
22582,23222,640
22387,22588,201
23247,23247,0
22797,22900,103
23381,23656,275
23380,22724,-656
22756,22810,54
23251,23055,-196
23676,23491,-185
23256,22810,-446
22959,22388,-571
23147,22830,-317
23590,22840,-750
22903,23143,240
23597,23331,-266
22812,23115,303
23249,23363,114
23308,22799,-509
23252,22985,-267
22995,23255,260
22579,23026,447
23150,23167,17
23569,22918,-651
22861,22599,-262
23385,21974,-1411
23739,22839,-900
23407,22938,-469
23497,23635,138
22461,22339,-122
22990,22918,-72
22806,23082,276
22650,23265,615
22981,23040,59
23491,23024,-467
23590,23507,-83
23252,23238,-14
23307,23266,-41
22586,22146,-440
23057,23086,29
23663,23248,-415
24201,22391,-1810
23491,23188,-303
22897,22578,-319
22464,22931,467
22809,22707,-102
22629,23077,448
22915,22687,-228
23530,23217,-313
23489,26272,2783
23162,23483,321
23080,23138,58
22898,23090,192
22449,23029,580
23157,23752,595
22769,23383,614
22535,22775,240
22609,23487,878
22316,23542,1226
23150,24024,874
23260,23107,-153
23240,23353,113
22080,23317,1237
23331,22866,-465
22662,23708,1046
22753,23344,591
23390,23388,-2
23086,23154,68
22922,23751,829
22849,22204,-645
22485,23338,853
23131,23291,160
23389,22994,-395
22921,22950,29
22716,23089,373
23504,22955,-549
23002,23155,153
23585,22241,-1344
23416,22944,-472
22812,23331,519
22775,23143,368
23229,22735,-494
22920,23380,460
23149,23489,340
22821,23429,608
23486,22991,-495
23260,23138,-122
23332,23323,-9
22473,22479,6
23594,23486,-108
22555,23594,1039
22319,23718,1399
23487,22672,-815
23069,22807,-262
22378,23356,978
23059,23487,428
22375,23263,888
22981,22238,-743
22577,23517,940
23361,21831,-1530
23385,23163,-222
22442,22250,-192
23261,21821,-1440
22926,23242,316
22821,22556,-265
22823,22994,171
22934,22857,-77
23068,23258,190
23151,23260,109
23484,23492,8
23011,23697,686
23054,23059,5
23134,23133,-1
23361,22486,-875
23824,22541,-1283
22878,23587,709
23536,23149,-387
22715,22915,200
23396,23038,-358
23110,22869,-241
23150,23170,20
23097,23154,57
22718,23240,522
22689,22383,-306
22383,23409,1026
22850,22680,-170
22818,23546,728
23315,23054,-261
23491,23420,-71
23588,22384,-1204
23368,22819,-549
22813,22932,119
23154,23443,289
23589,23584,-5
23386,23417,31
22281,22994,713
23182,23056,-126
23050,22712,-338
23164,22585,-579
23587,23062,-525
23403,22822,-581
23285,23420,135
22373,23226,853
22670,22783,113
23049,23326,277
23157,23309,152
23382,22981,-401
22449,23502,1053
22925,23159,234
23272,22977,-295
23319,22920,-399
22584,22613,29
22898,22707,-191
23752,22593,-1159
23210,22669,-541
23562,22337,-1225
23422,23149,-273
23257,23420,163
23175,22961,-214
23589,23485,-104
23489,22467,-1022
23048,23586,538
23280,22767,-513
23255,23485,230
22966,23050,84
22510,22481,-29
23260,22149,-1111
22640,23207,567
23213,22884,-329
23188,22565,-623
23155,22714,-441
23266,22705,-561
22921,22590,-331
23046,23260,214
23270,23567,297
22485,23566,1081
23267,23356,89
22923,22813,-110
22848,23495,647
22485,22647,162
23801,23074,-727
23101,23603,502
23152,23052,-100
23106,22900,-206
23558,22815,-743
23667,23018,-649
22817,22340,-477
22338,22390,52
22615,22821,206
22649,23010,361
23758,23235,-523
22757,23965,1208
23045,23077,32
22815,23488,673
22482,23853,1371
22387,22718,331
22714,22805,91
23156,22678,-478
23586,22544,-1042
23219,23447,228
23325,22717,-608
23229,23466,237
22158,22679,521
22154,23237,1083
23480,22606,-874
23032,22268,-764
23536,23012,-524
23296,23252,-44
23574,23277,-297
22818,23376,558
23275,22171,-1104
23271,23320,49
22615,22610,-5
23307,23152,-155
22194,22940,746
23259,22765,-494
22816,23309,493
22880,22271,-609
23046,23358,312
23153,22773,-380
23478,23013,-465
23185,23281,96
23193,23043,-150
23235,23065,-170
23261,22716,-545
22759,22796,37
23504,23135,-369
23195,23050,-145
23500,23147,-353
23146,22921,-225
22679,22520,-159
22493,22931,438
22678,23311,633
23156,22827,-329
23228,23099,-129
22772,23646,874
23152,23195,43
22787,23783,996
22896,22698,-198
22955,22825,-130
22602,23151,549
23261,23466,205
22928,23147,219
22812,23321,509
22716,23310,594
22929,22707,-222
22825,23279,454
23479,23514,35
23255,23192,-63
22834,23397,563
23561,23334,-227
23155,22246,-909
23156,23215,59
22826,23051,225
22836,22935,99
23522,22599,-923
23050,23172,122
23334,22969,-365
23232,23592,360
22586,23026,440
23240,22935,-305
23338,22819,-519
22999,23008,9
23243,22254,-989
22925,23410,485
23299,23591,292
23746,23006,-740
23490,22817,-673
23254,23329,75
22930,23500,570
23392,23177,-215
23005,25246,2241
22975,23599,624
22643,23583,940
23260,22834,-426
23050,23228,178
22718,23048,330
23239,23564,325
23853,22238,-1615
22927,22705,-222
22924,23674,750
22923,23146,223
23476,23253,-223
23079,23546,467
23170,22620,-550
22927,23252,325
22786,22780,-6
22677,23190,513
23490,23450,-40
22987,22377,-610
23272,22446,-826
23149,22710,-439
22034,22925,891
22605,23181,576
23316,23256,-60
23251,22825,-426
22876,21972,-904
23598,23395,-203
23269,22563,-706
23635,22912,-723
22819,23349,530
22858,22679,-179
22930,23496,566
22816,22597,-219
23504,22870,-634
23155,23154,-1
22583,23094,511
23225,23027,-198
23382,22291,-1091
23044,23273,229
23562,23480,-82
23314,23039,-275
22937,23066,129
23153,23480,327
23591,23376,-215
22803,22795,-8
22714,23282,568
23050,23052,2
23134,23079,-55
22945,22800,-145
23379,23218,-161
22683,23637,954
22826,23146,320
22816,22679,-137
23242,22585,-657
22138,23369,1231
23146,23481,335
22862,23118,256
23575,23653,78
23030,23035,5
23479,22825,-654
23610,22921,-689
22942,22506,-436
22653,22929,276
23248,22912,-336
23045,22966,-79
23266,22882,-384
23222,22850,-372
22947,23096,149
23094,22663,-431
22787,22908,121
23085,22994,-91
23131,22793,-338
22450,22598,148
23525,22691,-834
22218,22807,589
23299,22937,-362
23166,22718,-448
23275,23711,436
22386,23341,955
22606,23595,989
21820,22942,1122
22498,23371,873
22827,22568,-259
22799,22953,154
22579,23224,645
22607,23374,767
23778,22142,-1636
23063,22819,-244
22823,22701,-122
23750,22825,-925
22828,23167,339
23258,23640,382
23521,22649,-872
23191,22723,-468
23260,22998,-262
22488,22719,231
22526,23157,631
23041,23584,543
22694,22939,245
22899,23494,595
23345,23322,-23
23263,23149,-114
23379,22637,-742
23311,23055,-256
23153,22742,-411
22351,23142,791
23196,22579,-617
23313,23449,136
22315,23066,751
23559,22481,-1078
22696,23481,785
23148,23027,-121
23250,22370,-880
23721,22949,-772
23452,22824,-628
22605,23477,872
23255,23242,-13
23380,23268,-112
22798,23588,790
22933,23261,328
23130,22402,-728
22777,23406,629
23154,23268,114
23338,22281,-1057
23508,23721,213
22823,22841,18
23043,22566,-477
23150,23201,51
22402,23377,975
22541,23317,776
22937,22906,-31
22423,23272,849
22914,22905,-9
23342,22631,-711
23618,22687,-931
23472,23007,-465
23354,22899,-455
22714,22879,165
22848,23399,551
22820,23316,496
22445,22934,489
22819,22601,-218
22903,22776,-127
22939,23378,439
22827,22715,-112
22175,23481,1306
21988,22507,519
22723,22899,176
22908,23110,202
22600,22837,237
22955,22338,-617
22863,23044,181
22398,22950,552
22826,23857,1031
22670,23085,415
23361,22606,-755
23344,23225,-119
22710,23561,851
22735,23619,884
23092,23037,-55
23261,23052,-209
22702,22659,-43
22928,22669,-259
22413,22716,303
23116,23626,510
23169,23140,-29
22746,22930,184
22828,22608,-220
22500,23041,541
22941,22751,-190
23027,23512,485
22798,23028,230
22925,22351,-574
23092,22889,-203
22715,22749,34
22868,23127,259
22590,22705,115
23175,22826,-349
23047,22957,-90
23521,22150,-1371
23237,22943,-294
23151,22927,-224
23141,22273,-868
22062,23156,1094
22570,23310,740
22866,22536,-330
22574,22282,-292
22863,22054,-809
23055,22108,-947
23173,23045,-128
22935,22928,-7
22876,22763,-113
22876,22956,80
22501,22900,399
22959,22868,-91
22624,22590,-34
23675,22897,-778
23155,22896,-259
23255,23231,-24
22171,23261,1090
22595,22129,-466
23426,22803,-623
23151,23083,-68
22688,22845,157
23256,22940,-316
22709,23333,624
23050,22618,-432
22156,23152,996
23235,22389,-846
22640,22848,208
22798,23401,603
22914,22395,-519
23438,23010,-428
23482,22649,-833
22710,22677,-33
23267,23068,-199
22648,22140,-508
23048,23369,321
22953,23348,395
22910,23504,594
22900,22937,37
23109,23459,350
23067,22708,-359
25576,22675,-2901
23373,22384,-989
23334,22785,-549
23226,22986,-240
22950,22639,-311
22934,22215,-719
23341,23079,-262
23265,22973,-292
23013,23187,174
22832,23260,428
22611,23316,705
22621,23300,679
22827,22895,68
23674,23521,-153
22577,23437,860
22720,22839,119
23270,22583,-687
23056,23238,182
22608,23120,512
23372,22953,-419
23212,23272,60
22986,22784,-202
22945,23307,362
22929,22504,-425
23296,23318,22
22767,23629,862
23344,23303,-41
22496,23153,657
22996,22604,-392
22344,22512,168
23542,22497,-1045
23829,23463,-366
23245,22714,-531
23478,22957,-521
23046,22716,-330
23087,23358,271
23195,23162,-33
23271,23369,98
23060,23339,279
22867,23143,276
23405,22741,-664
23423,22974,-449
23683,23163,-520
23150,22990,-160
23161,23078,-83
22441,22772,331
23602,23594,-8
21850,23633,1783
23229,23368,139
22931,22961,30
23172,23239,67
23232,22531,-701
22821,23491,670
22819,23429,610
22938,23785,847
22577,22494,-83
22511,23663,1152
23041,23405,364
23149,23488,339
23435,22844,-591
22854,23212,358
22611,22635,24
23375,23260,-115
23129,23531,402
23412,23266,-146
21950,23257,1307
23047,23371,324
23609,23152,-457
23309,23263,-46
23158,23155,-3
22933,22802,-131
22753,23493,740
22820,23280,460
23350,22454,-896
22817,23372,555
23454,23829,375
22822,23407,585
23155,23046,-109
22503,22550,47
22720,22963,243
22474,23048,574
23485,23568,83
23476,23260,-216
22712,23349,637
22735,23169,434
23268,22939,-329
23018,22384,-634
23815,23044,-771
22507,22945,438
22927,22816,-111
22469,23150,681
23241,22884,-357
23042,22878,-164
23304,22609,-695
23366,23562,196
23475,23481,6
23267,22941,-326
22618,22729,111
23259,23037,-222
23423,22495,-928
23320,23491,171
22869,23142,273
22799,23237,438
22709,22948,239
23154,22834,-320
23583,23044,-539
23303,23143,-160
23343,23052,-291
22589,22284,-305
23162,23445,283
22597,22514,-83
23275,22469,-806
23362,22898,-464
22830,22981,151
23049,22648,-401
22992,23241,249
22913,23158,245
23323,22947,-376
23266,23113,-153
23527,23033,-494
23237,23263,26
22579,22513,-66
22933,22278,-655
23741,22912,-829
23017,23192,175
22944,22855,-89
22935,23134,199
23120,23129,9
23016,23210,194
22621,22973,352
23239,23218,-21
22943,23268,325
22825,22936,111
22701,22433,-268
23260,23737,477
22943,22915,-28
23301,22850,-451
22649,23224,575
23646,23321,-325
22786,22655,-131
23167,23184,17
23295,22414,-881
22991,23442,451
23081,23239,158
22989,23045,56
23512,23350,-162
23281,22956,-325
22758,23048,290
22292,23474,1182
23033,23341,308
22821,23126,305
22708,23592,884
23263,23028,-235
23117,22845,-272
23344,22717,-627
23369,23023,-346
22614,23476,862
23739,23014,-725
22605,23423,818
22754,22153,-601
23563,23422,-141
22960,23261,301
23351,22438,-913
23054,23019,-35
23175,22622,-553
23056,21572,-1484
23031,22808,-223
23037,23074,37
23139,23047,-92
23267,22264,-1003
23042,23292,250
22703,23108,405
22968,23230,262
22716,23125,409
22835,22952,117
23038,22584,-454
22503,22937,434
22925,23360,435
22773,23034,261
22798,23054,256
22339,23402,1063
22323,23042,719
22362,22623,261
22829,23169,340
22624,23114,490
23481,22612,-869
23130,23163,33
23350,23409,59
22839,23039,200
22941,23465,524
22947,22686,-261
23367,22430,-937
23035,23411,376
22972,22713,-259
22758,22867,109
23326,23156,-170
23289,23543,254
22938,22838,-100
23010,23642,632
23475,22945,-530
22933,23262,329
22390,23113,723
23475,22802,-673
23242,23146,-96
23324,23408,84
23345,23361,16
23153,23238,85
22942,22659,-283
23468,22399,-1069
23847,23159,-688
23019,22906,-113
22825,21945,-880
23511,23048,-463
22179,22941,762
22830,22659,-171
23147,23535,388
22912,22939,27
23028,22822,-206
22380,23125,745
23178,22402,-776
23042,22391,-651
22718,22905,187
23371,25070,1699
23559,23128,-431
23266,23047,-219
23147,23109,-38
23357,22744,-613
23325,23226,-99
22824,22557,-267
23159,22957,-202
22914,22724,-190
23216,23070,-146
23631,23204,-427
22980,22387,-593
22959,22743,-216
23120,23472,352
23845,22963,-882
22334,23058,724
22930,22788,-142
22394,23346,952
22833,23036,203
23266,22663,-603
22504,23263,759
22619,23494,875
22787,22902,115
23275,23736,461
23268,23301,33
22825,22366,-459
23264,23593,329
23128,23137,9
23591,23563,-28
22006,23029,1023
23081,23160,79
22412,23020,608
23426,23449,23
22624,22781,157
22902,22507,-395
22828,22885,57
23288,23134,-154
23365,23147,-218
23102,23001,-101
22625,23349,724
23024,23252,228
23153,22545,-608
22944,22909,-35
23852,22851,-1001
23405,23257,-148
23157,23340,183
22528,22829,301
23319,22831,-488
22345,23345,1000
23495,23419,-76
23678,22940,-738
22705,22513,-192
22595,23588,993
23410,23562,152
23046,23032,-14
22494,22719,225
23494,23466,-28
22713,22763,50
23537,22898,-639
22408,24003,1595
22883,23238,355
22800,22849,49
22687,22577,-110
22582,23370,788
22932,22473,-459
22846,23155,309
22427,22915,488
22846,22890,44
22303,23220,917
22920,22721,-199
23559,23725,166
23593,23232,-361
22876,23588,712
23479,23357,-122
23017,23162,145
23148,23025,-123
24194,22300,-1894
23209,23406,197
23027,23641,614
23025,23228,203
22827,22205,-622
22681,22708,27
22978,23034,56
23046,22713,-333
22479,23358,879
23248,23234,-14
22713,22985,272
23129,22266,-863
23363,22921,-442
23031,22554,-477
23511,22495,-1016
22603,23495,892
23513,23431,-82
23442,23379,-63
23571,22880,-691
22280,23150,870
22832,23272,440
23000,23505,505
22773,23352,579
23046,23823,777
23475,22914,-561
22801,22146,-655
22850,22870,20
23369,22839,-530
22942,22717,-225
22949,22922,-27
22901,23342,441
22927,22312,-615
22803,22665,-138
22403,22896,493
23283,23346,63
23238,23300,62
23700,22944,-756
23241,22311,-930
22922,23257,335
23479,22834,-645
23519,22888,-631
23262,22719,-543
23108,22392,-716
22730,23158,428
23174,23198,24
22703,22717,14
23356,22806,-550
22716,22949,233
23566,23473,-93
23360,23133,-227
22304,23035,731
22917,22685,-232
23796,23520,-276
23150,22716,-434
22720,22924,204
23472,22739,-733
22823,23352,529
22852,22858,6
22723,22939,216
22485,23332,847
22834,23529,695
23562,22837,-725
22888,23472,584
23270,22914,-356
22188,23116,928
22713,22767,54
22460,23070,610
22722,23128,406
22821,22596,-225
22583,22522,-61
22760,22921,161
22720,23695,975
22857,22858,1
22452,23582,1130
22950,23040,90
23595,22944,-651
23584,22391,-1193
23476,22663,-813
22589,22851,262
22788,22889,101
23152,23154,2
23280,22267,-1013
23154,22893,-261
22824,22081,-743
23156,23034,-122
22509,23269,760
23151,22591,-560
23363,23040,-323
23366,23125,-241
22932,22926,-6
23436,22509,-927
22939,22305,-634
23135,23179,44
23107,23040,-67
22599,23529,930
22896,23579,683
23354,23035,-319
22510,23144,634
22802,23446,644
23038,22661,-377
23034,23525,491
22950,22609,-341
23217,22024,-1193
23259,22724,-535
23481,23035,-446
23094,23447,353
23078,23543,465
22710,23328,618
23054,23091,37
22945,23160,215
22920,23398,478
23028,23566,538
22294,23244,950
23468,22617,-851
22722,23271,549
23479,22925,-554
22916,23131,215
23116,23354,238
23496,23269,-227
22963,23099,136
23041,23080,39
22584,22400,-184
22717,23226,509
22515,22423,-92
23453,22685,-768
22809,23192,383
22715,23284,569
22828,23151,323
23155,22834,-321
22832,22899,67
22490,23217,727
23567,23353,-214
23045,23330,285
22602,23591,989
23355,22304,-1051
23488,23151,-337
23457,23788,331
23588,23456,-132
22309,23056,747
22700,22976,276
23225,22737,-488
23305,23525,220
23236,23213,-23
22922,23006,84
23148,23159,11
22252,23499,1247
23029,25355,2326
23287,23512,225
23071,23046,-25
23028,22266,-762
22347,22902,555
22827,22991,164
21956,22755,799
23230,23406,176
22493,22709,216
22741,22947,206
23683,23264,-419
23535,23227,-308
23158,22650,-508
23152,23268,116
22909,22801,-108
22512,23358,846
23143,22722,-421
23033,23428,395
22993,23245,252
22399,22768,369
22767,23656,889
23470,23241,-229
22939,22514,-425
22927,22862,-65
23037,23068,31
23320,22876,-444
23293,22989,-304
22714,23250,536
23567,23291,-276
22511,23289,778
22566,23359,793
22835,22831,-4
22809,22555,-254
23238,23359,121
22440,22967,527
22717,22745,28
23240,22888,-352
23583,22810,-773
23126,23191,65
22952,22584,-368
23360,23155,-205
22757,22306,-451
23159,23009,-150
22597,23206,609
22837,22918,81
23317,23158,-159
22739,23473,734
22035,23103,1068
23186,23225,39
23031,23325,294
22837,22595,-242
22834,23264,430
22955,23474,519
22716,22990,274
22728,22586,-142
23080,23449,369
22936,22977,41
23055,23039,-16
23140,22824,-316
23292,23603,311
22954,23267,313
22355,23480,1125
22399,23126,727
23026,22762,-264
23463,23556,93
23150,22835,-315
22958,22989,31
23286,23042,-244
23612,22473,-1139
22605,22854,249
23039,23417,378
23189,23597,408
23122,22632,-490
23226,23122,-104
23153,22826,-327
23137,23033,-104
22707,22781,74
23271,23350,79
23147,23325,178
22280,23144,864
23352,23593,241
22685,22840,155
23132,23123,-9
22852,22923,71
23377,23024,-353
23725,23606,-119
23609,22843,-766
23587,23803,216
23356,23131,-225
23230,23249,19
23316,22921,-395
22538,21849,-689
22549,23136,587
23032,23054,22
22777,22802,25
23357,22914,-443
22635,22782,147
22914,23602,688
23029,23159,130
23458,22909,-549
22915,23135,220
23497,23153,-344
23139,23149,10
23563,23556,-7
23634,23552,-82
23268,22676,-592
22841,23415,574
23270,22830,-440
23235,23372,137
22709,22881,172
22895,23155,260
23157,23382,225
23156,23347,191
22485,23153,668
22950,22761,-189
22999,22833,-166
22604,23430,826
22947,22316,-631
22872,22642,-230
22957,23655,698
22961,23549,588
23250,23021,-229
22572,23480,908
23012,23235,223
23040,22842,-198
23278,23515,237
23475,23257,-218
22515,23235,720
22838,22563,-275
22600,23202,602
23429,22405,-1024
23529,23136,-393
23594,22402,-1192
22686,23207,521
22927,23592,665
23326,23610,284
23026,23022,-4
22931,23031,100
23625,22958,-667
23475,22528,-947
22714,23039,325
23050,22785,-265
22851,22417,-434
22950,22848,-102
23085,23330,245
22711,23157,446
22718,23238,520
23406,23174,-232
23272,22901,-371
23373,22625,-748
22928,23232,304
22580,23266,686
22522,22823,301
23284,22711,-573
22600,23459,859
23156,23496,340
22241,22812,571
23129,22651,-478
22952,22558,-394
23241,22801,-440
22292,23122,830
22910,23140,230
23677,22082,-1595
22839,22623,-216
23373,22184,-1189
22871,23175,304
22820,23005,185
23361,23313,-48
22828,23269,441
22858,23032,174
22826,22843,17
22811,22867,56
22397,23204,807
23091,23974,883
22575,22831,256
23033,22657,-376
23042,23066,24
23440,23314,-126
22878,22836,-42
23476,22519,-957
23272,22803,-469
23361,23222,-139
23366,22322,-1044
22917,22012,-905
23474,23597,123
22983,22751,-232
23474,23268,-206
22723,22979,256
22707,22476,-231
22589,23150,561
23263,23603,340
23270,22996,-274
23588,22916,-672
22396,23588,1192
22837,22700,-137
23049,23163,114
22806,23310,504
22995,23015,20
23037,23420,383
22714,23583,869
23299,23266,-33
23012,22939,-73
22521,23350,829
23267,23781,514
22961,23339,378
23536,23065,-471
22835,23103,268
23723,23289,-434
22919,23661,742
22687,22738,51
23357,22910,-447
22841,23246,405
22836,23634,798
22836,22750,-86
22740,23052,312
23394,22087,-1307
22447,23164,717
22501,23600,1099
23363,23739,376
22710,22721,11
22899,22947,48
22980,23496,516
22866,23457,591
25269,22088,-3181
23042,23157,115
23063,22656,-407
23153,23674,521
23174,23555,381
22650,23267,617
23470,22922,-548
23064,23077,13
22698,23273,575
23268,23241,-27
23180,23204,24
22980,22752,-228
23323,23810,487
23467,23151,-316
23367,22975,-392
23363,23001,-362
22715,22411,-304
23352,23000,-352
22847,23585,738
23473,23149,-324
23605,22595,-1010
23151,23240,89
22972,23282,310
22996,22664,-332
22995,22669,-326
23272,23458,186
22953,24278,1325
22925,23596,671
23323,23604,281
23209,22920,-289
23062,23407,345
22895,22965,70
23349,22522,-827
22656,23239,583
22918,23155,237
22837,23019,182
22843,22396,-447
23148,23155,7
23351,23459,108
23269,22948,-321
22999,23158,159
22525,23253,728
22606,23150,544
23152,23725,573
23274,23403,129
23563,22753,-810
23246,22879,-367
23126,22544,-582
22742,22844,102
23500,22508,-992
23243,22526,-717
23056,23270,214
23472,22844,-628
22656,23565,909
23089,23514,425
22791,23843,1052
23036,22563,-473
23153,23147,-6
23159,23323,164
22774,23216,442
23272,23459,187
23366,22396,-970
22966,23120,154
22836,22829,-7
23559,23079,-480
23648,22746,-902
23159,22961,-198
22729,22285,-444
22366,23272,906
23247,22626,-621
22207,23716,1509
23529,22704,-825
22795,23530,735
23339,22593,-746
23242,23151,-91
23686,23377,-309
23032,22663,-369
22821,22555,-266
23594,22721,-873
23251,22919,-332
22519,23165,646
23161,23406,245
22900,23680,780
22820,23560,740
22735,22704,-31
23171,23143,-28
23197,22622,-575
22408,23167,759
23468,23210,-258
22608,23249,641
23030,23095,65
23353,22813,-540
22226,22487,261
23159,23838,679
23170,23183,13
23304,23251,-53
22518,23596,1078
23125,23403,278
22781,23433,652
23189,22545,-644
23062,23449,387
22624,22838,214
22795,23578,783
23036,23050,14
22641,23346,705
22773,22839,66
23068,22926,-142
22867,23398,531
23160,22836,-324
23057,25109,2052
22865,23546,681
22601,22647,46
23045,22964,-81
22532,22369,-163
23139,22959,-180
23121,22413,-708
23508,22600,-908
23031,22497,-534
23457,22813,-644
22868,22898,30
22530,22588,58
22641,22646,5
23370,23496,126
23614,23332,-282
23689,22940,-749
23031,23127,96
23271,23692,421
23029,23089,60
22551,23386,835
22854,23722,868
22717,23010,293
22997,22597,-400
23158,23011,-147
22505,22693,188
23086,23392,306
22571,21877,-694
22957,22862,-95
23342,23404,62
23124,23405,281
22808,23060,252
23683,22835,-848
22947,22925,-22
22522,22624,102
23250,22904,-346
22933,22713,-220
23101,23010,-91
22847,22737,-110
23145,23537,392
22744,22909,165
22213,23147,934
22649,23666,1017
22247,23157,910
22752,23055,303
23394,23586,192
23378,22286,-1092
22103,22597,494
23553,22898,-655
23027,23282,255
23245,23278,33
23616,22836,-780
22169,23088,919
23412,23183,-229
23251,23354,103
23620,23146,-474
23463,23594,131
23461,22454,-1007
22628,23145,517
22408,23062,654
22594,22830,236
22987,23000,13
23145,23027,-118
22558,22275,-283
23363,22715,-648
23342,23373,31
23209,23590,381
22846,23007,161
23439,22835,-604
23561,22801,-760
22210,22554,344
23258,23119,-139
22705,22481,-224
22523,22930,407
22879,23439,560
23155,22553,-602
22311,23083,772
23488,23588,100
23217,23029,-188
23653,23007,-646
23163,23032,-131
22964,22927,-37
23217,23385,168
23491,22694,-797
23060,22560,-500
23106,22971,-135
23070,22672,-398
22655,23361,706
22706,23826,1120
23461,22915,-546
22895,23363,468
23332,22683,-649
23117,22525,-592
22963,22968,5
22906,22618,-288
22723,22968,245
23151,23535,384
23497,22821,-676
22961,22985,24
23072,23342,270
22693,22691,-2
23010,23036,26
22452,22716,264
22795,23380,585
23372,23343,-29
23138,23245,107
22529,23552,1023
23493,23274,-219
23666,23197,-469
23237,23371,134
22834,22968,134
22738,22395,-343
23276,22845,-431
22591,22313,-278
24702,23187,-1515
22722,22450,-272
23246,22826,-420
23339,22563,-776
23149,22876,-273
22133,23271,1138
22989,23155,166
23469,23527,58
23433,23455,22
23172,22810,-362
22964,22140,-824
23461,23468,7
23217,22707,-510
23637,22440,-1197
22796,23134,338
23034,22175,-859
23028,23223,195
23173,22774,-399
22776,22654,-122
22226,22925,699
23085,23594,509
22720,23232,512
22931,23619,688
22806,22905,99
22551,22858,307
23310,22581,-729
23601,22722,-879
23274,23363,89
22731,22786,55
23592,23707,115
23365,22751,-614
23205,22287,-918
23121,22371,-750
22828,22843,15
23579,23069,-510
23000,23432,432
22978,22871,-107
22742,22968,226
22754,22513,-241
22942,23467,525
22491,22853,362
22526,22569,43
22811,22988,177
22525,23162,637
22821,22903,82
22777,22313,-464
23025,22773,-252
23464,22845,-619
22711,22406,-305
23576,23297,-279
23801,23145,-656
22836,22958,122
22895,22492,-403
23287,23470,183
22839,22951,112
22967,22715,-252
23126,23160,34
22963,23069,106
23026,22096,-930
23222,22634,-588
22909,22996,87
23100,23299,199
23152,23525,373
22651,23285,634
23195,22653,-542
23205,23403,198
22845,23040,195
23026,22591,-435
23277,22989,-288
23040,23404,364
22875,23214,339
22621,23264,643
22764,22390,-374
23823,23567,-256
22845,23275,430
23348,23434,86
23439,23206,-233
23332,22779,-553
22087,23027,940
23041,23463,422
22597,23063,466
22975,22674,-301
22956,22977,21
23240,23446,206
23156,23377,221
23272,22841,-431
22656,23082,426
23046,22532,-514
22964,23281,317
23032,23091,59
23067,22848,-219
22675,22839,164
22499,23018,519
23018,22943,-75
23474,22907,-567
23335,23467,132
23169,23356,187
23158,23252,94
22977,22848,-129
22405,23281,876
23580,22563,-1017
23468,23233,-235
22973,23592,619
22961,23140,179
22653,23226,573
22468,22604,136
22644,23028,384
22628,23456,828
22592,23272,680
23121,22756,-365
22535,23379,844
22664,23129,465
22443,23032,589
23377,23520,143
22680,23499,819
22756,23164,408
23149,22304,-845
23203,22844,-359
22596,22806,210
22899,22591,-308
22536,22661,125
23144,22901,-243
23410,22722,-688
23032,22561,-471
23463,23131,-332
22972,22161,-811
22989,22800,-189
22718,23251,533
23511,23461,-50
23076,22359,-717
23158,22282,-876
23376,22801,-575
22842,22446,-396
22960,23573,613
23830,22774,-1056
23283,23137,-146
22918,23466,548
23259,23335,76
23603,23396,-207
22970,22849,-121
22366,22338,-28
22345,22535,190
22787,22931,144
22779,23741,962
23152,23283,131
23149,22885,-264
23129,22689,-440
23023,23083,60
23460,23494,34
23214,23062,-152
23112,23252,140
23063,22218,-845
22964,23096,132
23176,22781,-395
22846,23212,366
22849,23522,673
23385,22990,-395
23454,23056,-398
23042,22750,-292
23156,23344,188
23035,23229,194
23270,23122,-148
23335,22704,-631
23567,23112,-455
22514,22940,426
22940,22717,-223
22657,22843,186
22704,23469,765
22931,22556,-375
23163,22969,-194
22321,23361,1040
22938,22704,-234
23578,22728,-850
22641,22142,-499
22661,23099,438
22778,22941,163
23150,23328,178
23283,22407,-876
23490,22910,-580
22998,23336,338
23653,22718,-935
22847,22725,-122
22684,22965,281
22944,22685,-259
22526,22309,-217
22530,23034,504
22664,22528,-136
23437,23167,-270
22898,23155,257
23277,23249,-28
23280,23253,-27
23171,23016,-155
23158,23446,288
23020,21996,-1024
23154,22663,-491
22433,22782,349
23209,22400,-809
23066,22989,-77
22823,22917,94
22152,23405,1253
23458,22168,-1290
23183,22500,-683
22624,22634,10
23334,23268,-66
22638,22611,-27
23282,22733,-549
22993,23839,846
22837,23219,382
22935,22732,-203
22458,23695,1237
22849,23122,273
22534,23632,1098
22969,22554,-415
22712,22736,24
22822,23338,516
22828,23122,294
22712,23206,494
22760,23563,803
23066,22679,-387
23373,22948,-425
23080,23253,173
23118,22553,-565
23197,24266,1069
22971,22490,-481
23157,23062,-95
23127,22676,-451
23383,23277,-106
22844,22716,-128
23587,23254,-333
23119,22841,-278
23253,23051,-202
23380,22840,-540
23027,23028,1
22966,23255,289
23600,23667,67
23151,23154,3
23670,23576,-94
23202,23279,77
23284,22719,-565
22868,22732,-136
22846,22639,-207
23475,23090,-385
22836,22621,-215
22636,22712,76
22975,23580,605
22977,22202,-775
23060,22395,-665
22228,23453,1225
23691,22593,-1098
22842,23067,225
23713,23221,-492
22661,23263,602
23408,22330,-1078
23157,23017,-140
22904,23026,122
22814,22527,-287
22536,23593,1057
22840,23100,260
23285,23180,-105
23157,23306,149
23160,22690,-470
22314,22309,-5
23028,22254,-774
23297,22424,-873
22994,22857,-137
23106,23309,203
23257,22677,-580
23280,23254,-26
23154,23288,134
23215,23008,-207
23027,23287,260
23021,23109,88
23038,23062,24
23286,22566,-720
23698,23174,-524
22670,23330,660
22533,22883,350
22411,23529,1118
23585,22539,-1046
22722,22167,-555
23587,23272,-315
22902,23410,508
22763,22946,183
23692,23243,-449
22722,22417,-305
22960,23082,122
23145,23249,104
23085,23336,251
23008,23472,464
23464,22500,-964
22996,23064,68
23107,22412,-695
23039,23079,40
23217,23326,109
22713,23514,801
22941,22977,36
23336,22988,-348
22574,23215,641
23150,22402,-748
23280,21974,-1306
23380,23164,-216
23204,22638,-566
23156,23256,100
22873,23397,524
22897,23366,469
22808,22941,133
23158,22843,-315
22806,23447,641
23500,23666,166
22714,23474,760
23330,22331,-999
22716,23075,359
23460,22888,-572
23395,22814,-581
23432,22876,-556
23182,22536,-646
22709,23704,995
23591,22972,-619
22359,23828,1469
23011,22889,-122
23499,23019,-480
22770,23129,359
23075,22636,-439
22895,22798,-97
23143,22596,-547
23691,23181,-510
23284,22679,-605
22946,23441,495
23689,23371,-318
23004,22818,-186
22977,22268,-709
23069,22833,-236
23284,23384,100
23111,23208,97
22853,23146,293
22813,23076,263
23366,23041,-325
22857,23342,485
22705,22767,62
22714,23554,840
23451,22645,-806
23379,23601,222
22792,22722,-70
23018,23291,273
23575,23174,-401
23483,22858,-625
22415,23138,723
23266,23240,-26
22390,23177,787
23317,23199,-118
22402,22407,5
23805,23246,-559
22971,23562,591
23461,23249,-212
22967,22845,-122
22669,22891,222
22468,23270,802
23020,23432,412
23397,23153,-244
22976,23025,49
22862,22958,96
22542,22567,25
22268,22906,638
23030,23257,227
23465,22939,-526
23256,23156,-100
22859,22632,-227
23127,23610,483
23054,23021,-33
23419,23279,-140
22721,22155,-566
22104,22697,593
22585,22568,-17
22768,22733,-35
22117,23342,1225
22636,23154,518
22710,23255,545
22971,22335,-636
23568,22069,-1499
23562,22665,-897
23003,23394,391
23152,22650,-502
24106,22465,-1641
22849,23048,199
22938,22690,-248
22318,23090,772
22668,23027,359
23306,22640,-666
23530,23040,-490
23343,23293,-50
22965,22841,-124
23019,22803,-216
23294,23134,-160
22762,22816,54
23505,23465,-40
23627,23150,-477
22976,23289,313
22970,23641,671
23271,23126,-145
22584,23150,566
22770,22894,124
23029,23458,429
23387,23333,-54
23357,23001,-356
22865,22637,-228
23095,22898,-197
23158,22971,-187
23393,23030,-363
22508,23015,507
22768,22977,209
22462,22744,282
23151,22890,-261
23589,23385,-204
23154,23388,234
23198,22605,-593
23616,23549,-67
23376,22963,-413
22814,22723,-91
23430,22565,-865
22955,22959,4
23388,23638,250
23463,22840,-623
22961,23283,322
22544,22787,243
22231,23143,912
23353,22436,-917
22588,22408,-180
22369,22849,480
22714,23694,980
23425,23311,-114
23251,23791,540
23270,22894,-376
22843,23536,693
22845,23455,610
23345,22979,-366
22414,22640,226
23490,23637,147
23256,23388,132
22613,23384,771
22996,23461,465
23288,23286,-2
22847,23411,564
22980,23154,174
23219,22660,-559
23705,23459,-246
25362,22558,-2804
22673,22841,168
23185,23178,-7
23035,23569,534
23380,23118,-262
23004,23152,148
23283,23690,407
23217,22947,-270
23270,23588,318
23462,23288,-174
23138,23191,53
23284,23443,159
22674,23390,716
23343,23052,-291
22772,22677,-95
23381,22603,-778
22447,22751,304
22943,23319,376
22681,23280,599
22673,23250,577
22794,23156,362
23595,23559,-36
22834,22650,-184
23064,23673,609
22742,22846,104
23258,23026,-232
23027,22344,-683
22681,22693,12
23126,23331,205
23755,22317,-1438
22810,23174,364
22588,23550,962
23585,22784,-801
22846,23119,273
23254,22844,-410
23158,24011,853
22981,23126,145
23004,22476,-528
22518,22712,194
23282,23356,74
22579,22522,-57
23075,22950,-125
22341,22591,250
22980,22394,-586
23041,23697,656
22645,23281,636
22716,23687,971
22759,23150,391
22578,23168,590
22816,23246,430
23339,23558,219
23154,22845,-309
22445,22643,198
23079,22441,-638
23699,23088,-611
23590,22580,-1010
22934,23009,75
23018,23587,569
23463,22849,-614
23088,23095,7
23111,22409,-702
22818,23204,386
23124,23011,-113
23098,22806,-292
22682,23022,340
22682,23488,806
23147,23335,188
23119,22883,-236
22701,23156,455
22989,22693,-296
23090,22852,-238
22844,22262,-582
22540,23475,935
23592,22862,-730
22925,22902,-23
23263,23504,241
23477,23082,-395
22415,22891,476
22728,23441,713
22945,23556,611
23023,22876,-147
23204,22447,-757
23298,23147,-151
23591,23253,-338
23263,23331,68
22636,23496,860
23196,23256,60
22382,23698,1316
23458,23030,-428
23016,23323,307
22639,22718,79
22633,22912,279
22956,22717,-239
22578,22682,104
22544,23355,811
23411,22491,-920
22714,22695,-19
23367,22575,-792
22853,23492,639
23157,23021,-136
22928,23156,228
22402,23154,752
23270,22913,-357
22571,23196,625
22839,22541,-298
23557,23131,-426
23196,22974,-222
22690,23023,333
22786,22846,60
23556,23122,-434
22324,22478,154
23318,23010,-308
22662,22713,51
22593,23091,498
23438,22992,-446
23232,23123,-109
22848,22760,-88
23109,23349,240
23577,23799,222
23151,22365,-786
22983,23590,607
22918,22723,-195
22585,22677,92
23386,22966,-420
23179,22809,-370
22654,22851,197
23154,23448,294
23151,22688,-463
23195,23267,72
22569,23116,547
22506,22931,425
23359,22832,-527
22888,23113,225
22836,22967,131
23204,22461,-743
23327,23258,-69
23163,22487,-676
22407,22741,334
23232,23596,364
23317,22720,-597
22572,23180,608
23303,22573,-730
23259,23730,471
23028,22804,-224
23030,23387,357
23148,22722,-426
22778,23289,511
23075,22964,-111
22952,22706,-246
23292,22847,-445
22723,23429,706
23631,23111,-520
23289,23001,-288
22857,22592,-265
22501,23270,769
23360,23527,167
22998,22845,-153
23206,22681,-525
22890,23154,264
23289,22965,-324
23264,23423,159
22684,23451,767
22758,22877,119
22490,22478,-12
22988,22984,-4
22815,22969,154
23122,23288,166
23151,22719,-432
23084,22978,-106
22600,22555,-45
23398,22238,-1160
23086,22889,-197
22906,23420,514
23102,22692,-410
23482,22414,-1068
23020,22432,-588
23191,23141,-50
22423,22783,360
22432,23132,700
22718,23192,474
22796,23823,1027
23313,22713,-600
23250,23220,-30
23388,22839,-549
22537,23120,583
22895,22853,-42
22845,22451,-394
22686,23274,588
23157,23188,31
23461,23354,-107
23154,23451,297
23630,23126,-504
22853,22931,78
22777,23218,441
23007,22714,-293
22851,23213,362
23283,23307,24
23288,22854,-434
23064,22578,-486
23392,22715,-677
22454,23228,774
22987,22939,-48
23084,23256,172
22546,23515,969
23236,23087,-149
22858,23118,260
23159,22697,-462
22895,23620,725
23389,23095,-294
23220,23585,365
22851,22611,-240
22553,22999,446
22853,23187,334
23283,22547,-736
23158,23233,75
23021,22953,-68
22683,22868,185
22374,22642,268
23091,23014,-77
23287,22305,-982
22712,23132,420
23481,23086,-395
23228,24293,1065
23027,23377,350
23288,23321,33
23650,23186,-464
22949,23018,69
23149,23592,443
22774,23027,253
22986,23456,470
23326,22810,-516
23063,23284,221
23293,23539,246
23139,22142,-997
23028,22951,-77
23051,23501,450
22726,22988,262
23165,23157,-8
22983,23830,847
25334,23092,-2242
23022,23102,80
23288,22749,-539
22530,23832,1302
22942,23492,550
23282,23081,-201
23082,23149,67
22545,23085,540
23154,22651,-503
22580,23040,460
23158,23195,37
22987,23084,97
22963,22848,-115
23475,23702,227
22856,22181,-675
23020,22577,-443
22733,23085,352
23388,23016,-372
23390,22918,-472
22843,22781,-62
22380,23181,801
22732,22177,-555
22653,22499,-154
23322,23383,61
22879,22825,-54
22941,22543,-398
23494,23111,-383
22990,22017,-973
22860,22989,129
22851,22492,-359
23156,22922,-234
22880,22945,65
22142,23660,1518
23388,22950,-438
23359,22353,-1006
22719,23558,839
23020,23058,38
22412,22043,-369
22985,22601,-384
22414,22383,-31
22823,23013,190
23225,22337,-888
23030,22895,-135
23155,23092,-63
23152,23122,-30
23287,23421,134
23256,23408,152
23104,23152,48
22564,22873,309
23086,23048,-38
22879,22746,-133
23155,23027,-128
23281,22953,-328
22851,22854,3
23008,22730,-278
23509,23025,-484
23278,23133,-145
22579,22719,140
22264,23135,871
23076,23332,256
23037,22725,-312
23697,22870,-827
23017,23130,113
22657,23390,733
23116,23111,-5
22860,22595,-265
22960,22844,-116
22622,22326,-296
23296,23445,149
23183,22708,-475
23524,23394,-130
22280,23392,1112
23009,22992,-17
23291,23085,-206
23156,22871,-285
22936,23537,601
22872,23238,366
22464,23158,694
22707,23250,543
23169,22882,-287
23449,22790,-659
22556,23429,873
22712,23288,576
23006,22425,-581
22715,23117,402
23158,22987,-171
23291,23343,52
23098,22855,-243
23585,23287,-298
23148,22809,-339
22838,22991,153
22915,23556,641
22556,22637,81
22460,22465,5
23531,23524,-7
23264,23357,93
23063,23379,316
23154,23089,-65
22508,23066,558
22375,22925,550
22485,22650,165
22721,22694,-27
23288,22427,-861
23184,23180,-4
23246,23658,412
23457,22698,-759
23559,23095,-464
23312,22953,-359
23019,23160,141
22985,22553,-432
23292,22936,-356
23564,23148,-416
23185,22552,-633
23112,22128,-984
23149,23308,159
22388,23014,626
23174,22569,-605
23019,22853,-166
23019,22962,-57
22828,22548,-280
22852,22951,99
23398,23458,60
23200,22413,-787
23116,23621,505
23178,22711,-467
23026,23016,-10
23150,23106,-44
22717,22758,41
23800,22150,-1650
23164,23054,-110
22961,22334,-627
22799,22656,-143
23384,22739,-645
23091,22501,-590
23266,22565,-701
22557,23147,590
22915,22307,-608
22852,22438,-414
22696,22836,140
23153,23012,-141
22550,23573,1023
22952,23506,554
23452,23020,-432
23635,22354,-1281
22970,22978,8
22986,23290,304
23133,22628,-505
22798,22734,-64
22992,23204,212
23699,22775,-924
23225,22558,-667
22970,23073,103
23316,22696,-620
23192,22939,-253
23384,23305,-79
23400,23194,-206
22687,22510,-177
22282,22572,290
22997,23477,480
22849,23387,538
23292,22931,-361
23288,23321,33
23148,23396,248
22967,22711,-256
23112,23233,121
22552,22691,139
22648,22644,-4
23670,23587,-83
23264,22836,-428
22259,22711,452
22878,23019,141
23287,22951,-336
22966,21994,-972
22444,23092,648
22554,22325,-229
23154,23266,112
22862,23541,679
23547,22478,-1069
23421,22424,-997
22958,22855,-103
22555,23382,827
23011,23198,187
23655,23133,-522
23821,23154,-667
22592,23153,561
23260,23235,-25
22856,23157,301
22554,22857,303
23398,23157,-241
22990,23691,701
23398,23585,187
23108,22444,-664
22662,22845,183
22557,23684,1127
22936,22895,-41
23689,22015,-1674
23587,22616,-971
23102,23249,147
23034,22694,-340
22923,23294,371
22742,23322,580
22991,22714,-277
22643,22806,163
22711,23424,713
22902,23260,358
23101,23502,401
25461,23123,-2338
22986,23404,418
22266,23247,981
23265,23317,52
22395,23030,635
23014,23402,388
22851,22906,55
23258,22992,-266
22993,22675,-318
23175,23048,-127
23546,22421,-1125
22901,22707,-194
22422,23400,978
23685,22508,-1177
22920,22946,26
23397,22807,-590
23186,22404,-782
22554,22275,-279
22219,22555,336
23101,22807,-294
22613,22857,244
23183,22569,-614
22797,23314,517
23379,23002,-377
22717,22849,132
23531,22573,-958
22984,22130,-854
22254,22797,543
23155,23439,284
22859,23627,768
23293,23679,386
22261,23116,855
23084,22763,-321
23014,22999,-15
22865,22724,-141
23317,22696,-621
23112,22553,-559
23334,22858,-476
23250,22815,-435
23012,22414,-598
22903,22772,-131
23174,22999,-175
22974,22730,-244
22981,22585,-396
22720,23231,511
23299,23146,-153
22881,23018,137
22928,23591,663
23375,22821,-554
22558,23294,736
23893,23284,-609
22847,22566,-281
23242,23020,-222
23286,23171,-115
22411,22976,565
23210,22573,-637
23016,22856,-160
22861,22570,-291
23422,22429,-993
23007,23160,153
22953,23034,81
23086,23337,251
23313,22992,-321
23017,23518,501
23090,22503,-587
23007,21835,-1172
22282,22427,145
22833,23087,254
23526,23321,-205
22721,23362,641
23394,23311,-83
23311,23285,-26
23420,22571,-849
23632,22427,-1205
23125,22574,-551
23131,23579,448
23103,22714,-389
23542,23300,-242
22624,22931,307
22857,23113,256
23398,22580,-818
23148,23004,-144
23377,23248,-129
21964,23116,1152
22986,22273,-713
22561,23424,863
23468,23203,-265
23154,22712,-442
23317,22173,-1144
23160,23542,382
22598,22876,278
23081,22712,-369
23698,23679,-19
22965,22850,-115
23015,23300,285
22933,23203,270
22885,23276,391
23260,22380,-880
22423,22635,212
22998,22417,-581
22791,22696,-95
23153,22877,-276
22721,21839,-882
22964,22959,-5
23238,22910,-328
22027,22793,766
23080,22741,-339
23151,22990,-161
23288,23195,-93
22851,22854,3
22509,23601,1092
23082,23460,378
23302,23031,-271
22866,23335,469
22854,22857,3
22800,23394,594
23188,22517,-671
22966,22701,-265
22892,23363,471
22529,23482,953
22528,23283,755
23091,23155,64
23156,22672,-484
22796,23179,383
23154,23584,430
22979,23273,294
22726,23810,1084
22848,23405,557
23152,22873,-279
22631,22863,232
22548,23189,641
23314,22927,-387
23001,23483,482
22994,23126,132
23046,22921,-125
23933,22602,-1331
22510,23384,874
23156,22576,-580
23246,22952,-294
23164,22416,-748
23290,23262,-28
22730,23031,301
22944,22744,-200
23094,22978,-116
22584,22705,121
23152,22949,-203
23633,22403,-1230
22825,22931,106
23438,22827,-611
23106,22371,-735
23292,22712,-580
23263,22676,-587
23279,22921,-358
22428,22870,442
23159,23292,133
23522,22650,-872
22997,22371,-626
23016,23016,0
22403,23094,691
23292,22430,-862
22771,23259,488
23008,23079,71
23293,22801,-492
23452,23591,139
22855,22278,-577
23158,22420,-738
22408,22736,328
22702,23100,398
23001,23296,295
22562,23037,475
23002,23465,463
22714,22666,-48
23166,23777,611
22882,22607,-275
23200,22265,-935
22716,23212,496
23042,22795,-247
23308,22561,-747
23271,23033,-238
22850,22412,-438
23102,22966,-136
22714,23295,581
23254,22853,-401
23006,22206,-800
22860,23298,438
22615,23013,398
22958,23030,72
22477,23481,1004
22938,22581,-357
23194,23166,-28
22555,23021,466
23500,22756,-744
22913,22558,-355
23588,23015,-573
23101,22966,-135
23071,22971,-100
23635,23089,-546
23068,23096,28
22574,22512,-62
23163,23158,-5
22338,22972,634
23618,22833,-785
23296,22994,-302
23161,23583,422
22556,22829,273
23445,23303,-142
22967,22844,-123
23011,23231,220
22568,23384,816
23409,22699,-710
22841,23289,448
23446,23154,-292
23151,23122,-29
23106,22997,-109
22423,22810,387
23123,22503,-620
23275,22775,-500
22703,22875,172
22645,22330,-315
22565,22705,140
22631,22672,41
23092,22671,-421
22858,25783,2925
23011,23100,89
23343,23575,232
23014,22766,-248
23306,22862,-444
23776,22699,-1077
23029,22423,-606
23700,23512,-188
23086,23692,606
22149,22582,433
22862,22427,-435
23187,23226,39
22725,22860,135
22963,23182,219
23154,22422,-732
22780,22710,-70
23304,23306,2
23430,23000,-430
22909,22540,-369
22478,23693,1215
22147,22865,718
23286,23015,-271
23493,23425,-68
22791,22610,-181
22282,23142,860
22716,23184,468
23273,23215,-58
22851,23158,307
23329,22906,-423
23292,22279,-1013
23154,23195,41
22934,23317,383
23269,23353,84
22621,22995,374
22576,22872,296
23001,22863,-138
22932,23257,325
22566,22229,-337
22583,22941,358
22779,23003,224
23017,22948,-69
23159,23308,149
23003,23058,55
22569,23118,549
22812,22433,-379
22926,22832,-94
22997,22924,-73
22711,22475,-236
22536,23357,821
22567,23307,740
23266,22836,-430
22719,23366,647
23000,22823,-177
22705,22746,41
23359,23326,-33
22867,23105,238
23100,23153,53
22753,22642,-111
22857,23365,508
23592,23104,-488
22426,22894,468
23417,23343,-74
23591,23171,-420
22968,22950,-18
23531,22712,-819
22945,22915,-30
23148,22825,-323
22592,22827,235
23402,22961,-441
22707,23063,356
23155,22313,-842
23329,23233,-96
23202,22345,-857
22392,22405,13
22713,23150,437
22477,23103,626
22131,23440,1309
23045,22697,-348
23314,23680,366
23053,23124,71
23119,22906,-213
23002,23334,332
22936,23118,182
23418,23314,-104
22685,22274,-411
22896,22828,-68
22863,22965,102
23511,23023,-488
22791,23033,242
23231,22572,-659
23153,22598,-555
22714,22862,148
22861,22765,-96
22767,23402,635
23305,22210,-1095
22800,22568,-232
22485,22717,232
23114,22620,-494
22621,23448,827
23312,23715,403
23297,23153,-144
23016,23150,134
23114,22906,-208
23819,23193,-626
23485,22767,-718
22533,23063,530
22649,22978,329
22568,22312,-256
22721,22381,-340
22014,22395,381
23053,23293,240
24696,22586,-2110
22834,22716,-118
22709,23302,593
22949,23157,208
23690,22557,-1133
22741,23014,273
23256,22416,-840
23291,23045,-246
22163,23164,1001
22517,23449,932
23523,22584,-939
22955,22713,-242
23175,22843,-332
23004,22825,-179
23092,22867,-225
23347,22426,-921
23393,23767,374
22826,22891,65
22928,23158,230
22866,23074,208
23010,23153,143
22280,22860,580
22711,22441,-270
23324,23103,-221
23155,23302,147
23237,23221,-16
23237,23002,-235
23011,23013,2
22590,22782,192
23456,22713,-743
22766,23015,249
23157,22976,-181
22625,23306,681
22966,22588,-378
23176,22449,-727
22421,22516,95
23382,23312,-70
22705,23404,699
23475,22906,-569
23153,22926,-227
22473,22693,220
22973,22559,-414
22682,22968,286
23575,22717,-858
22863,22529,-334
23446,22660,-786
22822,23267,445
23114,23216,102
23272,23586,314
23297,23389,92
23109,22929,-180
22825,22953,128
23001,23038,37
22858,22679,-179
23406,22831,-575
23004,22703,-301
22687,22365,-322
22777,23170,393
23120,23291,171
22664,22867,203
23023,22794,-229
22387,22707,320
22566,23297,731
22718,22706,-12
22972,23231,259
23360,22861,-499
23372,23129,-243
22718,23118,400
23589,23414,-175
23293,23511,218
23338,22565,-773
22934,22570,-364
22765,23087,322
22777,23836,1059
23013,23409,396
22713,23554,841
23163,23306,143
22677,23486,809
22920,22906,-14
23007,23129,122
22892,23047,155
23226,22549,-677
22558,22980,422
23035,23426,391
23554,22867,-687
22856,23152,296
22911,22790,-121
23302,23267,-35
22709,22883,174
23160,22521,-639
23589,23155,-434
23012,23064,52
23115,22680,-435
22845,22621,-224
23440,23528,88
22435,23186,751
23207,22442,-765
22997,23431,434
22567,22959,392
23433,22747,-686
23440,22985,-455
22831,22348,-483
23003,23003,0
22861,23302,441
23163,23444,281
23154,23002,-152
22863,22863,0
23562,23254,-308
22715,22272,-443
23166,22932,-234
23017,23110,93
22677,23248,571
22978,24881,1903
23272,22845,-427
23305,23155,-150
23160,22528,-632
22896,22958,62
23408,22448,-960
22724,23447,723
22493,22658,165
22712,23499,787
22421,22839,418
22869,22969,100
23099,23156,57
23166,23306,140
23565,23019,-546
22542,22868,326
23739,23511,-228
22862,23154,292
22431,22850,419
22869,22452,-417
23295,23010,-285
23528,23042,-486
23823,22579,-1244
22820,23467,647
22576,23586,1010
22698,22953,255
23423,22569,-854
23162,23595,433
23315,23291,-24
22724,23145,421
23273,23571,298
22860,23012,152
22872,22529,-343
23636,23408,-228
23154,23068,-86
22796,22829,33
22982,23596,614
22673,23158,485
22713,23302,589
23443,22527,-916
23291,23205,-86
23374,23152,-222
23268,22566,-702
22611,23122,511
22570,23172,602
23531,23063,-468
22719,23106,387
23447,22863,-584
23009,23413,404
22850,22701,-149
23702,22654,-1048
23446,22495,-951
23284,23290,6
22273,23152,879
22859,22710,-149
22993,23267,274
22417,23432,1015
22364,22983,619
23201,23277,76
23011,22551,-460
22713,23170,457
23152,23502,350
23302,22912,-390
23156,22957,-199
22842,23036,194
23150,22716,-434
23008,22948,-60
23169,22844,-325
23418,22577,-841
23265,22999,-266
23296,23351,55
23292,23161,-131
23446,24081,635
23096,23030,-66
23004,22644,-360
23415,23485,70
22706,23339,633
22698,22681,-17
23008,23513,505
23351,22829,-522
22929,23292,363
22957,23342,385
22929,22990,61
23158,23422,264
22946,23003,57
22843,22836,-7
22576,23296,720
23705,23640,-65
22866,22875,9
23013,23013,0
23007,22024,-983
23586,22978,-608
23527,22326,-1201
23257,23087,-170
23123,22840,-283
23440,22971,-469
23155,22684,-471
22826,22848,22
22865,23397,532
22261,23396,1135
22573,23911,1338
23184,22488,-696
23008,23293,285
23153,22724,-429
23592,23100,-492
23152,22477,-675
23156,22339,-817
23321,22702,-619
22868,23011,143
23083,23297,214
22950,23794,844
22971,23322,351
23594,23154,-440
22707,22820,113
22568,22972,404
23295,23282,-13
23588,23305,-283
23403,22996,-407
23147,23089,-58
22715,23148,433
22567,23014,447
23149,23122,-27
23041,23301,260
23583,22861,-722
22865,22703,-162
22723,22713,-10
22463,22866,403
23012,23792,780
23149,23321,172
23446,22637,-809
23383,23298,-85
22933,23531,598
23161,23303,142
23591,23418,-173
22675,23153,478
23007,22728,-279
22826,23073,247
22219,22671,452
22434,23246,812
22916,23146,230
23048,23587,539
22841,23144,303
22866,22840,-26
23103,23100,-3
22333,23390,1057
23154,23188,34
23107,22532,-575
23425,23006,-419
23301,22716,-585
23264,23473,209
23089,23101,12
22399,22856,457
23344,23080,-264
22571,23718,1147
22679,23036,357
22806,22832,26
22577,23251,674
22716,23095,379
23708,22872,-836
23146,22859,-287
22581,23139,558
23335,22941,-394
22717,22867,150
23212,22896,-316
23238,23429,191
23330,22815,-515
23163,23321,158
23218,23019,-199
23234,22850,-384
22528,22664,136
22769,23931,1162
23180,23533,353
23177,22717,-460
23129,23824,695
22612,23042,430
23009,23035,26
22536,23165,629
22948,22773,-175
23388,23492,104
23091,22007,-1084
23124,22805,-319
23156,23250,94
23009,23574,565
22894,23097,203
23231,22935,-296
23273,22681,-592
23299,23517,218
22725,22776,51
22959,22957,-2
22032,23547,1515
23298,23007,-291
23308,23327,19
22506,23413,907
23439,22688,-751
23595,22681,-914
22132,23292,1160
22914,23308,394
22691,23093,402
22610,22804,194
23446,23235,-211
22754,23349,595
22413,22808,395
22948,22716,-232
23371,23224,-147
22990,22799,-191
22403,22983,580
22218,23137,919
22980,22976,-4
22699,23429,730
23006,23288,282
23830,22778,-1052
23140,23529,389
22954,23297,343
23017,23152,135
22869,22581,-288
23344,23200,-144
22715,22555,-160
23385,23202,-183
22870,23038,168
22642,23414,772
23599,22680,-919
23154,22991,-163
22968,23432,464
23441,25518,2077
22983,23591,608
23529,23049,-480
23299,23382,83
23174,22862,-312
23147,23086,-61
